439|9|2|0|0|1.08|53301.97767857143
447|40|2|0|1|0.4694|18644.96875
523|32|2|0|1|0.6478|44547.29241071428
702|59|2|0|1|1.1331|68102.82756696429
797|59|1|0|1|7.5143|58916.39397321428
797|68|1|0|0|2.3854|27252.01004464286
812|68|1|0|0|0.5741|27607.23995535714
917|59|1|0|1|1.2795|48538.94977678572
966|32|2|0|1|0.6647|48435.61272321428
1022|17|2|0|1|0.4694|53525.751674107145
1133|17|2|0|1|0.0969|57649.9375
1142|59|1|0|1|0.85|27934.161551339286
1190|59|2|0|1|2.4615|40530.568359375
1270|9|2|0|0|2.48|67011.65011160714
1270|94|2|0|0|0.37|46831.51422991072
1554|32|2|0|1|0.0646|48954.37611607143
1592|32|2|0|1|3.6637|50547.52232142857
1777|59|1|0|1|0.2944|42217.619419642855
2083|15|2|0|1|2.7954|49600.83286830357
2083|26|2|0|1|8.089|66058.22600446429
2083|52|2|0|1|3.3068|29081.37960379464
2083|59|1|0|1|7.944|52159.652064732145
2360|59|2|0|1|6.2374|62066.85212053572
2486|68|1|0|0|1.3553|25846.126534598214
2584|52|1|0|1|0.9767|12771.104213169643
2716|26|2|0|1|3.757|35177.717075892855
2821|59|2|0|1|3.1242|36981.61328125
2874|87|1|0|0|0.12|27444.00076729911
2891|59|1|0|1|0.4741|23420.8203125
2913|52|2|0|1|1.331|16782.314453125
2916|17|1|0|1|3.728|21281.283761160714
2916|32|2|0|1|2.26|29880.270368303572
2916|59|2|0|1|1.26|18207.08272879464
3014|17|1|0|1|0.4181|40771.923549107145
3032|59|1|0|1|0.2199|17978.266462053572
3091|81|1|0|1|3.91|46161.995814732145
3316|68|1|0|0|0.6748|33524.392578125
3494|59|1|0|1|0.2232|43647.017299107145
3555|59|1|0|1|2.45|27163.672712053572
3643|40|2|0|1|1.2752|6766.845354352678
3710|59|1|0|1|0.5372|35559.65708705357
3931|17|1|0|1|1.2231|46917.55022321428
4024|15|2|0|1|0.6622|69580.44140625
4024|32|2|0|1|21.11|151184.85714285713
4024|40|2|0|1|18.1746|77715.33537946429
4024|52|2|0|1|8.0726|54573.31194196428
4024|59|2|0|1|0.0|45202.04296875
4024|81|2|0|1|13.86|94173.13504464286
4024|87|2|0|0|11.9238|97821.43861607143
4052|17|2|0|1|4.68|59005.61216517857
4377|9|2|0|0|1.781|14736.29429408482
4926|32|2|0|1|1.18|59984.19029017857
4990|15|2|0|1|1.5077|27849.272600446428
5062|9|2|0|0|0.0267|48569.736328125
5062|59|2|0|1|0.0531|39470.32310267857
5142|17|2|0|1|0.3247|50556.17829241072
5142|52|2|0|1|0.7263|22926.57568359375
5142|59|2|0|1|0.5946|33897.334263392855
5377|40|2|0|1|1.6499|8969.178013392857
5380|40|2|0|1|1.28|16453.520368303572
5462|81|1|0|1|0.4257|14044.746241978237
5498|15|2|0|1|1.1028|48095.007533482145
5498|23|2|0|1|0.91|40882.80189732143
5548|59|2|0|1|0.2809|43564.58258928572
5638|59|1|0|1|0.49|34875.115513392855
5696|59|1|0|1|7.62|46627.052734375
5760|40|2|0|1|1.1759|17396.21268136161
5844|26|2|0|1|1.81|50859.97377232143
5897|15|2|0|1|2.1251|43916.736607142855
6132|52|2|0|1|0.11|20636.750906808036
6307|17|1|0|1|1.176|29973.11007254464
6454|94|2|0|0|4.7932|27627.210100446428
6732|59|1|0|1|0.1649|34461.20200892857
6950|59|2|0|1|0.0304|29707.059866768974
7104|9|2|0|0|0.5047|36235.607700892855
8269|32|2|0|1|1.54|28202.86941964286
8623|26|2|0|1|0.57|29869.53292410714
8690|43|2|0|0|0.5042|21401.27420479911
8954|32|2|0|1|0.76|13203.64439174107
8982|17|2|0|1|0.6629|48597.50446428572
8986|59|2|0|1|0.3962|54132.615513392855
9006|59|2|0|1|1.43|37869.236607142855
9086|26|2|0|1|0.78|16785.982840401786
9086|52|2|0|1|0.78|10568.22154889788
9158|9|2|0|0|2.06|43960.325892857145
9209|59|2|0|1|0.6762|58113.196986607145
9270|15|2|0|1|3.3018|19336.757952008928
9270|94|2|0|0|1.1171|14193.141880580357
9474|68|1|0|0|0.146|16989.3154296875
9594|59|1|0|1|0.1325|31732.460518973214
9609|17|1|0|1|0.8|29846.634207589286
9613|55|2|0|1|2.36|36995.64146205357
9925|26|2|0|1|4.8852|55561.40234375
9944|17|2|0|1|1.911|45698.69921875
9944|32|2|0|1|0.9|36768.828404017855
10091|87|1|0|0|0.5145|33903.21791294643
10117|59|2|0|1|0.406|48131.55915178572
10133|17|2|0|1|0.9137|47476.04045758928
10376|9|2|0|0|9.8|92165.43973214286
10376|59|2|0|1|10.31|110847.82477678571
10547|15|2|0|1|1.4118|24768.813058035714
10999|32|2|0|1|0.73|41787.05747767857
11208|40|2|0|1|3.46|25354.833530970984
11220|15|2|0|1|1.81|21497.489118303572
11220|87|2|0|0|2.02|18492.165387834822
11395|17|1|0|1|5.2841|29131.987165178572
11395|59|1|0|1|4.567|18839.321428571428
11395|59|2|0|1|4.567|24229.639090401786
11536|32|2|0|1|1.26|49048.48158482143
11559|17|1|0|1|0.43|27508.101004464286
11587|9|2|0|0|7.9236|52942.265625
11587|59|2|0|1|3.0067|34622.25306919643
12086|87|1|0|0|3.1242|13623.893345424107
12136|59|2|0|1|0.0238|57183.256138392855
12574|32|2|0|1|1.6552|50937.44866071428
12592|59|1|0|1|0.0833|37317.79938616072
12622|17|2|0|1|1.31|39874.99916294643
12869|87|2|0|0|3.9|56849.420200892855
12869|94|2|0|0|3.0351|49675.26478794643
12930|40|1|0|1|0.8749|11421.626364571708
12970|17|1|0|1|0.5989|42330.97907366072
13040|9|2|0|0|2.96|50710.04352678572
13054|15|2|0|1|1.951|48798.39564732143
13054|59|2|0|1|0.0|43867.91741071428
13054|81|2|0|1|1.3815|12396.266183035714
13154|15|2|0|1|2.67|33611.23102678572
13199|68|1|0|0|0.212|16369.079310825893
13303|32|2|0|1|0.8186|44920.45619419643
13313|17|2|0|1|1.85|52182.90736607143
13313|32|2|0|1|4.5686|58551.12611607143
13333|94|2|0|0|1.4597|22487.583147321428
13439|32|2|0|1|1.3984|12506.468959263393
13450|17|1|0|1|1.17|32857.97991071428
13488|15|1|0|1|0.163|22184.077253069197
13581|17|1|0|1|1.76|35235.65876116072
13708|52|2|0|1|1.13|23029.956473214286
13733|59|1|0|1|1.9584|33966.74135044643
13751|52|2|0|1|4.83|48252.34877232143
13822|59|2|0|1|0.42|28789.53445870536
13847|87|1|0|0|0.9759|22165.725446428572
13871|17|1|0|1|1.4984|31940.371930803572
13871|32|2|0|1|1.0534|39291.892578125
13871|59|1|0|1|1.41|29691.834542410714
13871|68|1|0|0|0.7219|29886.854073660714
13981|68|1|0|0|4.51|36044.595703125
14470|17|2|0|1|2.7919|75751.51227678571
14470|32|2|0|1|6.1315|135694.20200892858
14470|59|2|0|1|0.7824|67837.2265625
14671|17|2|0|1|0.0342|48067.77734375
14735|26|2|0|1|1.3853|36643.97181919643
14843|43|2|0|0|2.73|37149.14146205357
14843|62|2|0|0|9.6708|85915.78459821429
14843|87|2|0|0|10.7223|112013.31696428571
15071|81|2|0|1|1.61|10880.997140066964
15217|23|2|0|1|2.3316|8302.019566127232
15217|32|2|0|1|2.13|11799.89315359933
15217|87|2|0|0|3.4566|14018.356863839286
15228|81|2|0|1|0.7268|11543.76953125
15328|59|2|0|1|0.3999|53767.376674107145
15443|87|1|0|0|0.37|29087.048270089286
15770|32|2|0|1|0.3742|27686.940080915178
16282|59|2|0|1|0.7494|37544.81194196428
16355|17|2|0|1|0.03|39698.63225446428
16488|32|2|0|1|2.7417|48948.265345982145
16613|94|2|0|0|2.71|13286.46226283482
16692|15|2|0|1|0.7038|36523.41545758928
16692|32|2|0|1|3.7134|38805.993443080355
16692|59|2|0|1|0.0|32626.517682756697
16864|32|2|0|1|13.5944|203718.65625
16921|40|2|0|1|3.126|59662.55747767857
16975|23|2|0|1|2.27|62584.45842633928
17034|59|1|0|1|0.83|51764.419921875
17043|23|2|0|1|2.709|58985.59040178572
17068|68|1|0|0|0.3|25596.08475167411
17183|43|2|0|0|0.6839|19902.281389508928
17321|9|1|0|0|0.6409|28399.67410714286
17343|59|2|0|1|0.1866|31813.32296316964
17378|17|1|0|1|0.15|40623.93052455357
17407|59|1|0|1|1.8279|15842.459402901786
17413|81|1|0|1|0.5671|9446.458775111607
17434|17|1|0|1|0.2711|33584.131138392855
17552|59|1|0|1|0.5619|30126.38113839286
17552|68|1|0|0|0.7814|21974.048270089286
17818|17|1|0|1|0.2068|39399.96344866072
17977|92|1|0|0|1.3546|11485.125697544643
18082|32|2|0|1|2.6331|56506.114955357145
18094|59|2|0|1|0.1364|38167.53989955357
18103|59|2|0|1|2.2225|28361.19266183036
18139|52|2|0|1|1.5088|34847.854439871655
18158|81|1|0|1|1.85|15122.621372767857
18158|81|2|0|1|1.85|11669.578229631696
18318|81|2|0|1|0.8953|28268.476178850447
18372|32|2|0|1|0.706|31193.44308035714
18408|59|2|0|1|0.502|57598.10435267857
18410|32|2|0|1|1.03|43247.63783482143
18438|59|2|0|1|4.3138|33987.50111607143
18515|32|2|0|1|0.0799|44324.876953125
18581|59|2|0|1|0.2045|26302.576032366072
18632|52|1|0|1|8.0|13265.48291015625
18632|52|2|0|1|8.0|22068.592912946428
18976|32|2|0|1|2.08|39820.46623883928
19067|32|2|0|1|0.19|66867.64229910714
19067|59|1|0|1|0.525|32246.724609375
19067|68|1|0|0|0.0|25225.72119140625
19179|15|2|0|1|1.956|26613.01925223214
19272|81|1|1|1|1.88|17188.183070591516
19515|32|2|0|1|5.0139|38069.69084821428
19679|15|2|0|1|3.14|56153.95647321428
19679|32|2|0|1|4.6865|81267.27678571429
19679|52|2|0|1|2.6172|35408.4111328125
19679|81|2|0|1|2.1638|26558.35958426339
19740|17|2|0|1|1.32|64240.974888392855
19740|32|2|0|1|0.39|59009.756138392855
20041|40|2|0|1|2.919|55675.32868303572
20041|59|2|0|1|9.8532|146388.06026785713
20041|65|2|0|1|3.657|55630.15178571428
20082|15|2|0|1|1.47|73898.26339285714
20253|59|2|0|1|0.4484|28560.188895089286
20693|4|2|1|1|7.175|59657.89006696428
20693|15|2|1|1|5.75|69166.52901785714
20693|26|2|1|1|1.32|46542.303013392855
20693|52|2|1|1|3.23|30926.248186383928
20881|17|1|0|1|0.7|37270.57142857143
20934|59|1|0|1|2.79|31001.132254464286
20943|32|2|0|1|1.41|46422.04771205357
21119|17|1|0|1|0.259|45063.67131696428
21119|59|1|0|1|0.2074|36669.2890625
21215|17|1|0|1|0.2345|47489.36635044643
21394|52|2|0|1|0.342|30059.498465401786
21481|52|2|0|1|0.2451|10635.233503069196
21798|59|1|0|1|2.0239|50266.88225446428
21807|59|1|0|1|1.0247|33597.042689732145
22092|59|1|0|1|1.2258|46116.224888392855
22294|17|1|0|1|0.4757|49621.548549107145
22630|59|1|0|1|0.8301|37684.78125
22639|40|2|0|1|0.2811|38422.017578125
22768|59|1|0|1|0.8675|33659.741908482145
22879|17|1|0|1|1.65|42591.10044642857
22879|87|1|0|0|1.67|27847.485491071428
22976|32|2|0|1|1.8964|59959.458705357145
23093|40|2|0|1|2.8415|26454.603934151786
23093|52|1|0|1|1.1341|7111.477399553572
23093|52|2|0|1|1.1341|16451.026332310266
23421|17|1|0|1|0.83|34239.08482142857
23530|32|2|0|1|0.0219|50026.732142857145
23630|17|1|0|1|1.5357|46112.87109375
23668|59|2|0|1|1.19|46384.488560267855
23812|59|2|0|1|0.3129|49020.585658482145
23846|59|2|0|1|1.2593|36915.68610491072
23942|81|2|0|1|0.5728|20197.013113839286
23974|59|1|0|1|0.5851|34095.71735491072
23983|32|2|0|1|1.01|47135.107142857145
24065|94|2|0|0|2.08|32229.477957589286
24195|87|1|0|0|0.675|23166.21875
24195|87|2|0|0|0.73|38033.210658482145
24382|59|2|0|1|0.783|41258.170200892855
24392|40|2|0|1|0.6393|34444.75279017857
24404|32|2|0|1|9.3728|97574.54464285714
24404|81|2|0|1|8.51|53722.420200892855
24945|32|2|0|1|0.6863|42151.46400669643
24951|17|1|0|1|0.9481|17511.42578125
25015|32|2|0|1|1.5964|52023.79743303572
25026|9|2|0|0|2.409|17909.526785714286
25104|23|2|0|1|2.2612|55403.88560267857
25104|52|2|0|1|3.6197|24824.467215401786
25104|59|2|0|1|3.4845|46727.24665178572
25377|59|1|0|1|2.5375|25834.368582589286
25422|59|1|0|1|1.8072|20184.23507254464
25422|68|1|0|0|1.2775|14392.880789620536
25627|26|2|0|1|0.6838|50157.01841517857
25671|9|2|0|0|3.2396|34330.63950892857
25671|15|2|0|1|2.8168|38705.14662388393
25816|81|1|0|1|1.37|6556.865809849331
25825|17|1|0|1|0.89|30834.21875
25885|52|2|0|1|0.06|12723.056456429618
25887|68|1|0|0|1.39|21922.88455636161
26094|17|1|0|1|0.28|38773.06501116072
26390|17|1|0|1|0.5|20603.56417410714
26539|15|2|0|1|2.38|54826.38392857143
26725|68|1|0|0|0.15|14225.539829799107
26725|87|1|0|0|0.66|13102.659109933036
26730|17|1|0|1|0.64|46499.11049107143
26807|17|2|0|1|0.5169|63893.75
26831|40|2|0|1|0.1712|17103.016409737724
26954|59|1|0|1|1.56|36955.31640625
26979|17|1|0|1|2.14|39221.43805803572
26979|59|1|0|1|0.1756|22462.439592633928
27129|59|1|0|1|0.6496|22996.43387276786
27166|59|1|0|1|0.0817|23737.615094866072
27224|40|2|0|1|0.4102|32051.316964285714
27515|32|2|0|1|0.0143|44494.81361607143
27546|32|2|0|1|0.6097|56859.65234375
27629|32|2|0|1|2.7648|53403.41852678572
27761|59|1|0|1|0.975|24356.916015625
27819|17|1|0|1|9.4593|113480.15848214286
27922|81|1|0|1|1.0517|8540.565678187779
28134|59|1|0|1|1.8871|45436.89564732143
28137|59|2|0|1|0.7|32366.224051339286
28137|87|2|0|0|2.65|45776.96484375
28156|59|1|0|1|1.63|28768.38839285714
28362|9|2|0|0|0.7653|41725.78989955357
28410|17|2|0|1|5.1866|90054.29073660714
28477|32|2|0|1|0.62|41301.94056919643
28847|52|2|0|1|0.7292|4317.36474609375
28861|17|1|0|1|1.081|23045.0224609375
29262|23|2|0|1|1.4774|16523.518694196428
29262|59|2|0|1|4.08|19603.032645089286
29666|59|2|0|1|1.17|51896.10658482143
29831|59|1|0|1|0.472|42792.494419642855
30114|59|2|0|1|1.51|16520.33858816964
30139|32|2|0|1|1.86|19257.12472098214
30409|15|2|0|1|0.372|61348.38671875
30423|17|1|0|1|0.9478|50801.11383928572
30628|81|1|0|1|3.1766|14689.197579520089
30652|52|2|0|1|0.4784|4117.1739501953125
30771|9|2|0|0|2.68|57399.904017857145
30936|59|1|0|1|0.4142|28211.434430803572
31012|68|1|0|0|3.22|37335.28013392857
31153|32|2|0|1|0.0995|43226.974330357145
31551|59|1|0|1|0.95|28831.94308035714
31565|68|1|0|0|2.99|44776.25279017857
31622|59|2|0|1|0.4247|31322.10616629464
31836|87|1|0|0|1.331|39797.02734375
31836|87|2|0|0|1.331|44788.98549107143
31838|68|1|0|0|1.38|22831.179129464286
31890|68|1|0|0|1.0427|22368.29366629464
31899|17|1|0|1|1.34|51707.373046875
32006|94|2|0|0|0.2295|30415.539899553572
32060|17|1|0|1|6.8092|42843.617466517855
32060|81|1|0|1|4.8256|25197.177734375
32437|59|2|0|1|0.7072|25326.14034598214
32572|32|2|0|1|0.0318|49418.46484375
32660|17|1|0|1|1.1505|52918.65569196428
32681|68|1|0|0|0.5732|28445.289481026786
32730|59|2|0|1|1.2399|67807.65234375
32795|26|2|0|1|2.6343|54793.22209821428
32795|32|2|0|1|5.12|80553.64732142857
32795|59|2|0|1|3.84|57031.15959821428
32896|94|2|0|0|1.5161|35993.997767857145
32986|17|1|0|1|0.2093|55619.37388392857
32997|32|2|0|1|3.4711|64371.837611607145
32997|40|2|0|1|2.63|25477.793805803572
33084|59|1|0|1|0.3748|18200.661551339286
33248|81|2|0|1|4.2851|40036.94001116072
33428|59|2|0|1|2.94|46900.17075892857
33453|32|2|0|1|1.32|65728.89787946429
33486|17|2|0|1|8.51|118242.29575892857
33486|55|2|0|1|4.2494|36911.158412388395
34190|68|1|0|0|3.7789|56748.196986607145
34244|32|2|0|1|5.19|66217.62053571429
34315|59|1|0|1|0.4126|48340.11328125
34407|92|1|0|0|0.69|70167.05524553571
34500|32|2|0|1|2.9517|28011.97488839286
34512|59|1|0|1|4.8541|100095.11383928571
34775|81|2|0|1|3.0631|7650.922921316965
34853|59|2|0|1|0.4378|32844.87890625
34922|9|2|0|0|1.3416|64153.17075892857
34977|4|2|1|1|1.23|52780.52455357143
35052|87|2|0|0|1.3029|28919.450613839286
35100|32|2|0|1|0.86|39581.090122767855
35271|40|2|0|1|5.8772|47830.69419642857
35284|59|1|0|1|0.8183|50142.04213169643
35287|87|2|0|0|7.593|72589.16155133929
35465|32|2|0|1|3.8165|28131.805245535714
35689|68|1|0|0|0.5907|18290.606061662947
35719|40|2|0|1|0.8782|38332.14564732143
35819|52|2|0|1|0.4725|14654.128383091518
35888|59|1|0|1|1.0572|28009.55440848214
36088|59|2|0|1|1.9915|18818.35546875
36094|94|2|0|0|1.5479|31267.619280133928
36122|59|1|0|1|0.9166|24206.502092633928
36123|15|2|0|1|6.72|86733.40178571429
36258|17|1|0|1|1.97|53518.79436383928
36331|59|1|0|1|0.78|32431.28292410714
36468|15|2|0|1|1.9141|71150.21037946429
36535|17|1|0|1|1.6|26866.2861328125
36535|59|1|0|1|1.6|24030.161551339286
36708|40|2|0|1|0.5462|16926.380789620536
36918|17|1|0|1|2.0733|52038.96986607143
37005|81|1|0|1|3.74|18035.623395647322
37371|32|2|0|1|1.1643|15220.324009486607
37461|52|2|0|1|3.68|17097.323311941964
37661|59|1|0|1|0.9008|46088.98493303572
37826|17|2|0|1|10.1482|79003.47209821429
37826|32|2|0|1|4.4695|30157.071428571428
38025|59|1|0|1|3.94|73144.70535714286
38272|17|1|0|1|1.4393|66385.69475446429
38272|52|2|0|1|0.9413|39146.69224330357
38272|71|1|0|1|1.06|21572.307059151786
38272|81|1|0|1|2.95|30216.678292410714
38272|87|1|0|0|1.63|31060.886160714286
38443|17|1|0|1|1.1093|43565.46958705357
38454|32|2|0|1|1.0169|41811.62262834822
38481|81|1|0|1|1.1017|17994.53341238839
38512|17|2|0|1|4.99|82638.13113839286
38557|59|1|0|1|0.2297|37199.66155133928
38645|68|1|0|0|0.49|30113.327287946428
38764|40|2|0|1|0.8051|23291.564383370536
38795|40|2|0|1|2.18|19957.587559291296
39040|81|2|0|1|2.5438|26024.596522739954
39112|32|2|0|1|5.68|82805.85602678571
39261|87|1|0|0|1.08|31358.349609375
39261|87|2|0|0|1.08|40986.321986607145
39261|94|2|0|0|2.4291|36989.53571428572
39276|17|2|0|1|0.3938|62055.5859375
39360|32|2|0|1|3.08|41753.83482142857
39495|17|1|0|1|3.76|29721.38504464286
39664|59|1|0|1|1.122|34079.859095982145
39664|59|2|0|1|1.122|56052.363002232145
39664|68|1|0|0|1.4329|12181.64418247768
39939|87|2|0|0|0.6882|10857.624040876117
39979|17|1|0|1|0.7419|45160.41545758928
40200|71|1|0|1|1.774|11868.167375837054
40204|17|2|0|1|0.2543|73939.43973214286
40352|32|2|0|1|0.35|61362.96540178572
40447|26|2|0|1|1.4783|44765.46930803572
41027|32|2|0|1|1.877|54172.83984375
41398|17|2|0|1|0.9908|78790.64453125
41607|59|1|0|1|1.6562|41115.54408482143
41607|81|1|0|1|0.46|-1020.5252075195312
42164|17|2|0|1|0.6153|61732.29017857143
42384|59|1|0|1|0.1236|40675.47935267857
42448|9|2|0|0|1.0209|65163.88616071428
42483|32|2|0|1|0.2992|41663.64076450893
42520|32|2|0|1|0.0418|41608.838169642855
42577|9|2|0|0|1.2|57769.345703125
42777|59|1|0|1|0.78|56508.111049107145
42787|40|2|0|1|0.9728|32161.168805803572
42915|40|1|0|1|0.2732|4217.588762555803
43077|9|2|0|0|0.5|58802.76618303572
43129|59|1|0|1|0.6094|56564.275669642855
43256|87|2|0|0|1.61|22086.49588448661
43705|17|2|0|1|4.2676|71101.29520089286
44150|9|2|0|0|4.314|30986.194196428572
44150|32|2|0|1|1.04|17359.925920758928
44150|59|1|0|1|1.45|21073.86328125
44150|81|2|0|1|0.8948|-3549.188459123884
44150|87|1|0|0|0.1|345.5196315220424
44155|59|2|0|1|0.034|74395.3203125
44512|32|2|0|1|3.78|35262.83203125
44625|17|2|0|1|1.29|35304.92633928572
44713|59|1|0|1|2.12|20717.723074776786
44837|68|1|0|0|0.4|10628.280970982143
45489|26|2|0|1|1.87|60292.72209821428
45489|32|2|0|1|6.8|106202.94196428571
45680|59|2|0|1|1.7696|72521.20200892857
45742|9|2|0|0|0.9776|70926.25390625
45773|32|2|0|1|5.22|79214.32198660714
45849|40|2|0|1|0.5089|28151.195172991072
46130|59|2|0|1|0.1257|74044.98995535714
46499|32|2|0|1|0.2835|51885.49497767857
46712|59|2|0|1|0.2765|35223.245814732145
47033|59|1|0|1|1.0523|55952.753627232145
47258|40|2|0|1|1.334|48692.58649553572
47298|59|1|0|1|0.17|46689.689453125
47465|59|2|0|1|1.0211|70719.90513392857
47532|26|2|0|1|0.55|45377.23521205357
47561|17|2|0|1|0.5797|82285.60993303571
47829|17|1|0|1|1.31|39993.16908482143
47829|17|2|0|1|1.31|70983.14899553571
47829|92|1|0|0|1.3464|20154.41482979911
47874|17|1|0|1|1.1386|44727.718470982145
47874|59|1|0|1|0.8385|37783.74358258928
47921|32|2|0|1|7.3735|44184.38197544643
48223|17|2|0|1|1.464|80970.68582589286
48410|68|1|0|0|1.12|7798.872977120535
48410|68|2|0|0|1.12|15549.376656668526
48410|81|1|0|1|1.2873|-3681.765119280134
48410|81|2|0|1|1.2873|7864.151018415178
48410|87|2|0|0|0.2441|16612.75313895089
48438|17|1|0|1|0.4449|40346.726283482145
48453|17|1|0|1|2.0878|43773.15625
48453|17|2|0|1|2.0878|76158.89397321429
48461|84|2|0|0|2.2005|18353.253487723214
48615|15|2|0|1|2.0116|86043.06752232143
48615|81|2|0|1|1.8099|6601.236886160715
48626|32|2|0|1|3.7503|31054.63058035714
48652|17|1|0|1|0.57|32791.1015625
48652|59|1|0|1|1.24|35088.53376116072
48720|59|2|0|1|0.2209|83490.94196428571
48807|17|1|0|1|0.47|42433.06584821428
48816|15|2|0|1|2.11|46543.62220982143
48827|17|1|0|1|5.24|52372.12834821428
48827|17|2|0|1|5.24|94780.72042410714
48827|40|2|0|1|8.41|70591.203125
48827|59|1|0|1|8.1338|64177.95982142857
48827|59|2|0|1|8.1338|96544.02455357143
48849|59|2|0|1|2.03|93832.72712053571
48877|32|2|0|1|13.18|204764.4263392857
48877|52|2|0|1|7.21|51310.65625
48877|59|2|0|1|7.17|116778.06026785714
48877|81|2|0|1|7.99|73882.25334821429
48890|48|2|0|0|4.9765|21084.32719203404
49034|59|1|0|1|1.1009|23866.0322265625
49130|17|1|0|1|2.7138|55265.55022321428
49305|9|2|0|0|3.1844|118723.78459821429
49345|40|2|0|1|1.83|39659.90122767857
49345|59|2|0|1|0.82|96921.2890625
49541|68|1|0|0|3.0|20884.60733468192
49541|87|2|0|0|2.78|24689.812953404016
49541|94|2|0|0|1.88|17527.58468191964
49636|9|2|0|0|2.8601|129043.50558035714
49636|17|2|0|1|12.2474|169790.58035714287
49636|26|2|0|1|3.0178|101966.33314732143
49636|52|2|0|1|6.9004|41596.54136439732
49636|59|2|0|1|20.8122|196233.609375
49636|81|2|0|1|0.44|21229.986188616072
49672|32|2|0|1|1.1995|37584.29547991072
49929|59|1|0|1|0.17|25636.337960379464
50093|17|1|0|1|1.0286|23136.39578683036
50343|87|1|0|0|3.4319|29166.723772321428
50386|40|2|0|1|0.4262|24246.69921875
50441|59|1|0|1|1.01|16529.02228655134
50486|59|2|0|1|2.4|22732.437151227678
50528|4|2|1|1|21.598|131367.7142857143
50528|52|2|1|1|2.85|28466.75460379464
50647|40|2|0|1|0.5223|28778.5478515625
50909|9|2|0|0|2.0004|21973.457868303572
51031|8|2|0|0|2.09|53856.46595982143
51311|59|1|0|1|0.3799|17094.117745535714
51387|23|2|0|1|0.4422|34095.049107142855
51766|52|1|0|1|0.6861|11388.733293805804
51822|17|1|0|1|12.41|97299.57979910714
51852|17|2|0|1|2.55|19810.499093191964
52008|8|2|0|0|6.9|74467.74776785714
52069|40|2|0|1|2.405|15001.148995535714
52160|94|2|0|0|4.25|10416.78515625
52182|17|1|0|1|1.1038|32559.363839285714
52311|87|2|0|0|0.2315|7765.161900111607
52363|59|1|0|1|0.7608|23649.0673828125
52441|17|2|0|1|0.271|45814.42578125
52475|59|1|0|1|1.7105|18439.40897042411
52835|59|2|0|1|0.7394|27190.546316964286
52973|43|2|0|0|1.362485|25492.22042410714
53020|15|2|0|1|0.2942|37956.74748883928
53135|40|2|0|1|0.2821|23301.672293526786
53137|4|2|1|1|6.88|57444.544642857145
53137|26|2|1|1|5.0644|33225.547154017855
53298|59|2|0|1|2.2158|31877.613420758928
53833|68|1|0|0|0.85|18144.517438616072
53891|32|2|0|1|1.4798|29117.95186941964
53975|17|2|0|1|2.34|46141.71540178572
53975|32|2|0|1|0.3076|26928.231584821428
54183|87|1|0|0|1.26|25261.159040178572
54397|87|1|0|0|0.1|19131.93582589286
54915|15|2|0|1|2.06|21424.397321428572
54960|68|1|0|0|1.57|30746.610491071428
55225|32|2|0|1|2.3661|17964.029157366072
55261|32|2|0|1|3.2715|38434.52399553572
55281|26|2|0|1|0.31|40162.24693080357
55370|17|1|0|1|0.843|28227.892020089286
55497|59|1|0|1|6.7226|41660.7255859375
55518|40|2|0|1|1.2247|9119.921456473214
55611|81|1|0|1|0.89|17992.685546875
55618|32|2|0|1|0.4105|68464.33035714286
55644|52|2|0|1|0.9483|17511.993268694197
55693|52|2|0|1|0.4136|23473.58251953125
55823|59|1|0|1|0.8921|16985.67361886161
56446|17|1|0|1|0.5939|8306.680733816964
56834|32|2|0|1|2.1421|36016.558314732145
56863|17|2|0|1|1.5098|38185.376953125
56971|32|2|0|1|4.7086|68887.75055803571
57052|17|1|0|1|1.83|18615.66259765625
57052|59|1|0|1|5.8907|23274.092354910714
57052|87|1|0|0|3.1|17190.965192522322
57191|32|1|0|1|3.7255|38365.113002232145
57191|32|2|0|1|3.7255|61678.642857142855
57203|59|1|0|1|0.3092|32982.457728794645
57254|32|2|0|1|1.4107|27687.25167410714
57254|59|2|0|1|1.1054|22402.66428920201
57397|59|2|0|1|1.0026|37845.05022321428
57440|32|2|0|1|3.72|17829.64090401786
57450|17|1|0|1|0.41|36749.40094866072
58150|52|2|0|1|1.6289|25438.31570870536
58378|81|1|0|1|0.7262|7270.645403180803
58478|17|2|0|1|0.1844|49982.65290178572
58567|17|2|0|1|2.6214|53187.57087053572
58595|81|2|0|1|2.285|22924.05196707589
58685|52|2|0|1|0.265|27590.577287946428
58769|32|2|0|1|4.25|21335.2080078125
58769|59|2|0|1|4.07|18668.90262276786
58948|17|1|0|1|0.42|38502.85491071428
59027|15|2|0|1|0.4526|38515.77678571428
59124|15|2|0|1|0.2991|38904.798549107145
59146|59|2|0|1|1.7|11170.466587611607
59317|15|2|0|1|0.8451|38287.603515625
59317|59|2|0|1|0.0|19220.079729352678
59397|40|2|0|1|2.7|33868.63420758928
59397|59|2|0|1|2.7857|33040.668247767855
59516|59|1|0|1|0.5501|22042.02778843471
59516|65|1|0|1|1.1399|12392.066231863839
59544|59|2|0|1|2.52|33081.015625
59598|32|1|0|1|0.079|14995.872593470982
59612|81|2|0|1|1.1326|30285.675223214286
59757|9|2|0|0|0.417|49717.60546875
59892|9|2|0|0|3.5355|66725.46149553571
59892|17|2|0|1|7.6771|107688.31696428571
59939|9|2|0|0|2.54|44051.279575892855
59939|17|1|0|1|10.86|128204.79575892857
59939|17|2|0|1|10.86|115507.34375
59939|52|2|0|1|3.5271|28096.049665178572
60279|87|1|0|0|1.12|27425.0849609375
60279|87|2|0|0|1.12|23116.688616071428
60635|17|1|0|1|2.4754|42874.84235491072
60667|40|2|0|1|0.6019|10664.757241385323
60871|40|2|0|1|3.9349|26829.540108816964
60871|59|2|0|1|4.61|36576.19447544643
60871|81|1|0|1|6.09|32336.301199776786
60871|81|2|0|1|6.09|37491.24330357143
61062|9|2|0|0|2.32|19247.877790178572
61062|84|2|0|0|0.9|6041.84765625
61062|94|2|0|0|2.0|7738.77228655134
61076|23|2|0|1|0.8655|18452.91765485491
61161|59|1|0|1|1.58|26220.4658203125
61177|17|2|0|1|7.039|91147.47544642857
61177|26|2|0|1|2.2924|53106.62053571428
61177|32|2|0|1|5.1465|70084.28236607143
61177|52|2|0|1|7.9425|80666.42020089286
61370|15|2|0|1|0.9986|69604.75111607143
61431|40|2|0|1|1.2584|15792.970772879464
61478|32|2|0|1|2.49|40984.40541294643
61497|15|2|0|1|1.8309|59460.588169642855
61845|59|1|0|1|0.48|31173.688616071428
61928|81|1|0|1|2.45|14871.701869419643
62259|94|2|0|0|0.399|8816.067121233258
62440|15|2|0|1|0.2342|39289.091517857145
62521|59|1|0|1|0.0398|20421.82958984375
62521|87|2|0|0|0.0243|12105.672293526786
62580|59|1|0|1|0.56|20651.933837890625
62606|26|2|0|1|0.49|23740.05733816964
62629|23|2|0|1|1.76|24163.80984933036
62629|81|1|0|1|5.0857|29768.966378348214
62869|59|1|0|1|0.405|21873.07449776786
62977|26|2|0|1|1.8474|33790.114955357145
62977|52|2|0|1|4.8447|38084.51813616072
62977|87|2|0|0|0.3939|13240.034877232143
63133|59|1|0|1|1.7|30210.227957589286
63133|68|1|0|0|1.48|23277.495256696428
63133|68|2|0|0|0.13|17887.52322823661
63133|81|1|0|1|0.2245|15710.758501325336
63133|81|2|0|1|0.2245|16768.464242117745
63133|87|2|0|0|0.1229|20400.917061941964
63181|17|1|0|1|2.68|17805.274274553572
63181|68|1|0|0|1.1|11131.675685337612
63209|17|1|0|1|0.6366|27733.563895089286
63209|17|2|0|1|0.6366|36898.60407366072
63312|15|2|0|1|2.1223|23746.152204241072
63365|59|1|0|1|4.41|33868.292271205355
63510|59|1|0|1|0.1373|24564.480050223214
63812|40|1|0|1|1.0513|7614.145717075893
63812|40|2|0|1|2.32|21828.50997488839
63987|68|1|0|0|0.5128|18605.08984375
64042|59|1|0|1|4.03|57560.412109375
64329|59|2|0|1|0.8939|37534.644252232145
64499|32|2|0|1|1.3996|46803.98744419643
64722|81|1|0|1|0.63|9683.555489676339
64738|52|1|0|1|0.44|6914.855128696987
64738|52|2|0|1|0.44|8986.16587611607
64845|59|1|0|1|0.81|25909.639508928572
64845|59|2|0|1|0.81|28111.84542410714
64919|59|2|0|1|1.4|23304.09375
65256|87|2|0|0|0.8094|16878.885088239396
65375|32|2|0|1|2.1694|25489.685546875
65838|59|1|0|1|1.3993|19328.885323660714
65838|59|2|0|1|1.3993|20006.545828683036
65920|81|1|0|1|0.17|11353.95907156808
65935|9|2|0|0|0.57|36319.79380580357
65991|15|2|0|1|1.935|41482.9140625
66010|59|2|0|1|0.7254|21835.07101004464
66052|81|2|0|1|1.74|13901.229309082031
66350|9|2|0|0|1.95|32612.18331473214
66350|32|2|0|1|3.131|27972.074358258928
66350|59|2|0|1|3.1037|30839.99386160714
66451|59|1|0|1|4.6496|42621.501953125
66472|17|1|0|1|0.4659|25900.18582589286
66708|40|2|0|1|0.6647|12099.392299107143
66871|68|1|0|0|0.959|17014.358468191964
66914|15|2|0|1|1.156|19866.680803571428
67061|40|2|0|1|0.2568|18570.019461495536
67186|32|2|0|1|3.2218|31024.52762276786
67292|43|2|0|0|0.57|14728.676147460938
67512|9|2|0|0|0.82|34561.7578125
67670|17|2|0|1|0.6158|37306.32896205357
67739|9|2|0|0|4.9882|35235.39899553572
67743|59|1|0|1|0.904|26694.405691964286
67767|52|2|0|1|0.2785|30726.44161551339
67872|15|2|0|1|4.43|47579.474609375
67923|23|2|0|1|3.2408|30623.205915178572
67974|40|2|0|1|1.64|20206.5078125
68049|87|2|0|0|0.46|21430.989815848214
68089|26|2|0|1|2.4|50265.51227678572
68089|52|2|0|1|9.35|102449.43359375
68089|59|2|0|1|9.54|121313.04464285714
68145|4|2|1|1|5.18|46251.09095982143
68145|15|2|1|1|0.8455|47423.83147321428
68145|26|2|1|1|1.7034|32555.682477678572
68145|52|2|1|1|1.95|29491.206612723214
68145|59|2|1|1|2.86|32110.09012276786
68718|52|2|0|1|2.11|27210.676339285714
68761|32|2|0|1|1.2254|25137.35770089286
68807|17|1|0|1|0.5972|15183.692452566964
68850|59|1|0|1|2.08|29446.571428571428
68936|40|2|0|1|3.2633|34902.86774553572
68971|43|2|0|0|3.8101|29902.865234375
68971|68|1|0|0|2.0857|23417.92013113839
69003|59|1|0|1|3.561|53546.30357142857
69033|40|2|0|1|0.4186|33165.972935267855
69138|17|1|0|1|2.5|36043.03515625
69205|32|2|0|1|4.0997|43128.095703125
69387|87|1|0|0|0.5469|13651.126848493304
69470|40|2|0|1|0.7886|27376.535714285714
69552|59|1|0|1|2.51|23170.544084821428
69552|59|2|0|1|2.51|27209.667131696428
69552|65|2|0|1|1.02|19118.571655273438
69576|23|2|0|1|0.9315|16501.900530133928
69730|52|1|0|1|4.2266|32942.009486607145
69730|52|2|0|1|4.2266|37973.998046875
69901|81|2|0|1|0.5058|24846.3794468471
69939|40|2|0|1|0.3211|42168.67243303572
70039|59|2|0|1|7.737|80388.63839285714
70101|59|2|0|1|0.4804|15309.430594308036
70111|9|2|0|0|1.67|30480.107979910714
70112|17|1|0|1|0.62|19972.948800223214
70172|40|2|0|1|1.9222|19881.902901785714
70224|17|2|0|1|0.0869|28779.863141741072
70378|9|2|0|0|2.45|28548.038504464286
70407|17|1|0|1|0.9209|19049.660016741072
70407|87|1|0|0|1.01|7157.520577566965
70449|59|1|0|1|2.9|19296.29009137835
70520|9|2|0|0|0.0346|44365.3515625
70598|59|1|0|1|0.8341|8370.04066685268
70598|92|1|0|0|2.2117|6968.920436314174
70604|81|2|0|1|1.2361|13298.816336495536
70620|59|1|0|1|0.85|10619.06900024414
70658|40|2|0|1|0.2509|14187.762634277344
70721|15|2|0|1|2.5909|41260.0546875
70754|59|2|0|1|2.8132|28403.03515625
71061|32|2|0|1|2.2081|26609.61551339286
71260|26|2|0|1|1.1584|25591.442801339286
71300|26|2|0|1|2.12|44210.1015625
71300|68|1|0|0|1.9039|13797.67347935268
71300|84|1|0|0|1.9039|10997.20227922712
71520|9|2|0|0|0.2912|29618.249441964286
71533|59|2|0|1|1.2264|24737.355050223214
71764|17|2|0|1|0.91|44751.22181919643
71764|23|2|0|1|0.0622|29490.332589285714
71764|32|2|0|1|2.81|32369.118582589286
71764|87|2|0|0|1.68|40221.17466517857
71764|94|2|0|0|6.096|45293.881138392855
71788|59|2|0|1|0.2962|8893.298653738839
71833|94|2|0|0|1.0259|13397.279192243304
71993|81|2|0|1|1.2817|10644.15318080357
72027|4|2|1|1|2.76|33072.41852678572
72124|32|2|0|1|0.9395|17929.608747209822
72130|81|2|0|1|4.3341|22417.880754743303
72175|59|1|0|1|0.43|4222.357421875
72252|17|1|0|1|0.42|18956.325613839286
72315|59|1|0|1|0.0965|5050.778547014509
72387|59|2|0|1|0.3881|22290.643973214286
72495|17|2|0|1|3.29|21705.56863839286
72495|40|2|0|1|2.86|15260.488978794643
72583|59|1|0|1|0.8782|4408.841849190848
72803|26|2|0|1|3.38|60370.48772321428
72803|40|2|0|1|1.3463|13123.534415108817
72803|59|2|0|1|2.5891|25066.34765625
72803|94|2|0|0|0.7963|14795.744062151227
73332|32|2|0|1|0.6041|33099.3125
73443|17|1|0|1|0.6416|12001.168178013393
73443|17|2|0|1|0.6416|30440.224609375
73540|59|2|0|1|0.3201|20520.048270089286
73580|59|1|0|1|0.6303|7752.639933994838
73893|40|2|0|1|1.1582|8196.468906947544
74003|59|2|0|1|2.9465|25378.790597098214
74004|52|2|0|1|0.3834|24097.45015171596
74410|32|2|0|1|3.7392|43009.597377232145
74427|17|2|0|1|1.57|33929.88420758928
74473|59|2|0|1|1.7953|28891.699776785714
74722|59|1|0|1|0.6768|11347.152901785714
74812|17|1|0|1|0.28704|11698.414010184151
74974|15|1|0|1|0.2961|13910.991734095982
75037|15|2|0|1|0.5665|37112.40345982143
75065|59|1|0|1|1.66|3378.5107770647323
75075|17|2|0|1|0.74|30935.311383928572
75171|17|2|0|1|1.73|36084.34514508928
75379|40|2|0|1|0.42977|29352.18917410714
75402|59|1|0|1|0.39|8274.698808942523
75428|59|2|0|1|0.3355|24452.910993303572
75464|81|1|0|1|1.2212|8833.688162667411
75702|17|1|0|1|3.5176|10653.75523158482
75832|87|2|0|0|0.121|13637.785121372768
76117|87|1|0|0|1.08|20357.99776785714
76134|26|2|0|1|1.2068|36416.71623883928
76361|59|2|0|1|0.4463|28325.4853515625
76459|15|2|0|1|2.3918|74945.90680803571
76459|17|1|0|1|0.9737|28918.598772321428
76459|26|2|0|1|7.5446|118999.55133928571
76459|52|2|0|1|8.5245|118442.00446428571
76476|17|1|0|1|0.7054|18245.99972098214
76588|32|2|0|1|6.8286|63851.704799107145
76588|59|2|0|1|1.3303|14579.305559430804
76698|17|1|0|1|0.5188|14853.502022879464
76949|32|2|0|1|0.4293|35722.30315290178
76977|81|2|0|1|0.9352|6304.703962053572
77069|59|1|0|1|2.3254|22965.65890066964
77330|81|2|0|1|1.76|13809.11962890625
77440|59|1|0|1|0.47|19305.95068359375
77527|52|2|0|1|1.12|26749.61160714286
77614|59|2|0|1|0.4619|5495.772181919643
77616|17|1|0|1|0.6166|23840.06473214286
77661|32|2|0|1|1.289|44780.07366071428
77844|59|2|0|1|1.0818|6612.723597935268
77867|81|2|0|1|1.03|9490.979684012276
77867|87|2|0|0|3.22|20918.756190708704
77964|87|1|0|0|0.3064|14685.989519391742
77984|15|2|0|1|0.6446|45575.17271205357
77984|59|2|0|1|0.0|16258.15736607143
77984|81|2|0|1|1.5893|4987.159633091518
78210|59|2|0|1|5.6249|20412.34814453125
78229|68|1|0|0|1.162|21639.75910295759
78273|94|2|0|0|1.7842|30475.144880022322
78281|94|2|0|0|3.82|36341.918247767855
78460|81|2|0|1|4.536|19465.6513671875
78565|8|2|0|0|1.057|55012.853236607145
78846|15|2|0|1|0.6955|46496.234375
78846|59|2|0|1|0.0|17433.4603969029
78863|17|2|0|1|2.0094|42420.519810267855
79247|32|2|0|1|3.4083|29485.63504464286
79247|59|2|0|1|1.4779|10827.068830217633
79253|17|1|0|1|0.0282|33923.937220982145
79550|15|2|0|1|2.5369|25457.145647321428
79653|59|1|0|1|3.1556|33360.733119419645
79722|52|2|0|1|0.3581|16596.582515171594
79796|94|2|0|0|2.9977|12391.503487723214
79903|23|2|0|1|1.016|44110.861049107145
80170|32|2|0|1|2.1631|25671.892438616072
80170|59|2|0|1|1.8688|16519.884695870536
80461|59|1|0|1|0.4008|40448.588169642855
80479|52|2|0|1|5.64|47200.36858258928
80506|40|2|0|1|1.7935|17924.765951429094
80600|52|1|0|1|0.8949|22516.347028459822
80627|8|2|0|0|3.0|42232.27008928572
80627|9|2|0|0|11.16|92795.75223214286
80627|43|2|0|0|4.24|28577.06124441964
80627|62|2|0|0|1.8|10124.71630859375
80886|17|2|0|1|0.19|15483.165806361607
80942|17|2|0|1|3.9164|44545.36969866072
81034|17|1|0|1|3.07|32026.179827008928
81034|68|1|0|0|4.8904|53004.412388392855
81034|92|1|0|0|3.51|46364.12220982143
81093|17|1|0|1|0.7|14697.752650669643
81554|32|2|0|1|0.4686|22348.92281450544
81717|17|1|0|1|0.2624|34684.44056919643
82023|43|2|0|0|6.5144|44546.12360491072
82727|17|1|0|1|0.9814|39787.447544642855
82928|15|2|0|1|3.785|48696.43052455357
82939|68|1|0|0|0.76|49994.77678571428
83256|59|2|0|1|2.2643|38277.69838169643
83458|10|2|0|1|1.8125|23319.460379464286
83458|26|2|0|1|1.0167|16819.724748883928
83472|17|1|0|1|7.42|69116.70703125
83472|59|1|0|1|16.46|136898.14285714287
83472|81|1|0|1|8.0|90593.19642857143
84051|15|2|0|1|4.1|52510.75355747768
84051|23|2|0|1|3.8|51801.38141741072
84051|59|2|0|1|3.0|28008.050885881697
84174|15|2|0|1|2.74|54201.16936383928
84174|32|2|0|1|2.628|56231.46595982143
84174|40|2|0|1|3.06|34952.78501674107
84183|59|2|0|1|0.6629|23258.269077845984
84287|59|1|0|1|0.3975|29293.14383370536
84380|17|1|0|1|0.1183|41324.1142578125
84413|94|2|0|0|1.3638|40147.51702008928
84482|81|1|0|1|4.9577|42431.59654017857
84518|32|2|0|1|0.36|26159.361328125
84613|59|1|0|1|5.5066|20300.19259207589
84613|81|1|0|1|1.1581|11839.60316685268
84689|92|1|0|0|1.1398|35927.301060267855
84804|17|2|0|1|1.66|40963.70954241072
84804|32|2|0|1|17.1833|202394.65848214287
84904|32|2|0|1|1.021|55913.81138392857
84948|68|1|0|0|2.3375|29699.508858816964
85001|15|2|0|1|0.7811|47082.01227678572
85201|17|1|0|1|0.1584|49224.30998883928
85203|59|2|0|1|0.8159|16570.666251046317
85407|59|1|0|1|0.5971|21885.631696428572
85414|59|2|0|1|2.55|22466.08719308036
85515|15|2|0|1|1.8689|61865.27622767857
85546|23|2|0|1|7.1294|29635.952985491072
85548|26|2|0|1|3.6318|82885.94419642857
85548|32|2|0|1|1.61|57336.07477678572
85548|40|2|0|1|1.03|23922.539446149553
85756|59|1|0|1|3.3923|30126.646902901786
85840|81|1|0|1|1.4|15969.359375
85840|87|2|0|0|1.85|24065.73046875
85855|59|2|0|1|0.9497|21723.255789620536
85924|52|2|0|1|0.42|13735.746512276786
85950|9|2|0|0|2.17|67742.31696428571
85950|94|2|0|0|0.66|26356.043003627234
85952|87|2|0|0|0.5336|12046.61537388393
85984|32|2|0|1|4.37|49966.53571428572
85984|59|2|0|1|4.6|35427.53431919643
86182|84|2|0|0|0.1759|11881.419503348214
86229|59|2|0|1|0.1187|8985.541224888393
86237|17|1|0|1|0.1655|56755.65959821428
86267|52|2|0|1|0.44|8356.125662667411
86271|40|2|0|1|0.6|14449.43925694057
86271|59|1|0|1|1.001|23662.841761997766
86271|59|2|0|1|1.001|17334.2490234375
86271|87|2|0|0|1.4113|16284.950256347656
86542|59|1|0|1|0.61|23017.00216238839
86582|17|1|0|1|0.0|81433.24832589286
86582|59|1|0|1|0.0|22429.768205915178
86743|26|2|0|1|1.77|75599.95982142857
86749|52|2|0|1|1.55|31705.366629464286
86767|94|2|0|0|0.6348|27513.1123046875
86901|52|2|0|1|1.27|29640.518136160714
86916|40|2|0|1|4.6468|65477.25669642857
87125|17|2|0|1|0.43|52127.025111607145
87125|32|2|0|1|0.244|34843.21177455357
87201|59|1|0|1|0.416|13801.806919642857
87207|59|2|0|1|0.33|29922.429268973214
87293|32|2|0|1|2.7309|60830.47209821428
87293|59|2|0|1|1.2014|28740.43582589286
87434|15|2|0|1|2.43|47369.017299107145
87539|59|2|0|1|0.322|18570.555803571428
87552|9|2|0|0|0.77|48640.224609375
87664|59|1|0|1|2.09|18717.999965122766
87873|32|2|0|1|1.3747|29504.837332589286
87873|59|1|0|1|5.9563|45301.49693080357
87873|59|2|0|1|5.9563|44477.51171875
87878|15|2|0|1|6.9837|81354.94029017857
88023|9|2|0|0|0.2624|40435.55608258928
88040|17|1|0|1|3.2779|52923.06752232143
88040|92|1|0|0|0.5|17921.572126116072
88205|87|1|0|0|0.5341|21181.702828543526
88517|87|1|0|0|0.941|14251.504071916852
88525|23|2|0|1|2.06|41156.39369419643
88691|17|2|0|1|2.453|53603.76897321428
88841|52|1|0|1|0.8096|19149.755022321428
88928|40|2|0|1|4.5727|22888.323102678572
88928|52|2|0|1|1.6099|14585.918666294643
89417|23|2|0|1|2.9756|22773.797433035714
89417|32|2|0|1|1.3|20979.710518973214
89417|59|2|0|1|3.96|29335.143415178572
89430|15|2|0|1|0.78|59364.10491071428
89440|26|2|0|1|4.5|60947.19419642857
89440|40|2|0|1|2.16|49843.19391741072
89602|32|2|0|1|4.3488|30650.351004464286
89768|52|2|0|1|2.5313|15198.291922433036
89835|17|1|0|1|0.193|56202.64508928572
89842|17|1|0|1|0.2143|48169.85546875
90076|15|2|0|1|0.189|25863.262834821428
90202|9|2|0|0|1.9441|18846.045758928572
90227|17|1|0|1|1.66|61083.71595982143
90537|59|2|0|1|0.469|32449.153738839286
90597|59|1|0|1|1.93|39635.77455357143
90901|59|2|0|1|7.236|43477.654017857145
90980|9|2|0|0|0.6787|63685.80747767857
91094|59|1|0|1|0.93|18310.50606863839
91148|23|2|0|1|2.4211|38871.046875
91148|32|2|0|1|1.58|33113.99720982143
91178|59|1|0|1|0.279|24059.01925223214
91179|9|2|0|0|2.0044|46499.7890625
91179|17|2|0|1|1.1188|50786.236607142855
91249|40|2|0|1|1.42|20265.24239676339
91435|59|1|0|1|0.0908|40994.70005580357
91517|59|2|0|1|0.1383|22367.83907645089
91543|40|2|0|1|0.2663|19138.58565848214
91752|32|2|0|1|1.0168|50420.21037946428
91794|23|2|0|1|0.7848|13996.75474330357
91845|38|2|0|0|0.69|38468.84291294643
91975|15|2|0|1|0.2627|44256.96400669643
92013|87|2|0|0|5.1275|64893.171875
92023|8|2|0|0|2.3639|22465.66043526786
92027|59|1|0|1|0.43|24723.455078125
92099|40|2|0|1|0.8439|17216.457641601562
92218|68|1|0|0|1.6952|21143.19161551339
92218|94|2|0|0|2.11|23278.623395647322
92490|32|2|0|1|0.9995|36153.783900669645
92531|59|1|0|1|0.82|22328.833844866072
92531|59|2|0|1|0.82|23327.144949776786
92556|15|2|0|1|1.689|42195.412388392855
92556|32|2|0|1|1.2623|22736.638776506697
92583|17|1|0|1|1.56|18085.05538504464
92583|43|2|0|0|2.287|13251.428436279297
92583|68|1|0|0|1.8|11616.938023158482
92583|84|2|0|0|1.28|8912.25327845982
92583|87|1|0|0|2.0|9982.872105189732
92853|17|1|0|1|0.5109|48216.86997767857
92933|17|1|0|1|0.2033|52924.578125
93168|59|1|0|1|1.23|28465.31808035714
93182|40|2|0|1|0.7699|16488.013532366072
93228|17|1|0|1|0.4673|44892.67075892857
93417|59|2|0|1|1.4687|25890.56473214286
93435|17|1|0|1|2.13|60149.95591517857
93435|26|2|0|1|0.88|35796.51841517857
93498|59|1|0|1|5.0336|73727.43861607143
93510|92|1|0|0|0.08|46608.94419642857
93538|17|1|0|1|3.95|25850.03292410714
93538|59|1|0|1|3.2279|14892.040597098214
93922|59|2|0|1|3.1367|50476.86579241072
93922|87|2|0|0|4.914|84466.62946428571
93970|59|2|0|1|1.1155|18594.46121651786
94033|52|2|0|1|2.0521|33810.87639508928
94181|81|2|0|1|2.7883|23357.508370535714
94181|84|2|0|0|0.5585|19811.139613560266
94553|32|2|0|1|3.4|60777.236607142855
94553|59|2|0|1|3.256|53947.209263392855
94554|94|2|0|0|2.340479|26238.860979352678
94589|59|2|0|1|0.2133|21045.30398995536
94886|32|2|0|1|3.5729|29484.46902901786
94968|32|2|0|1|2.14|15223.402762276786
95008|17|1|0|1|0.5394|38676.46372767857
95011|15|2|0|1|0.1441|23533.47000558036
95018|59|2|0|1|0.4685|17391.873883928572
95287|40|2|0|1|1.7539|20389.032348632812
95311|15|2|0|1|0.79|56563.1484375
95319|32|2|0|1|0.9969|41762.443359375
95372|52|1|0|1|1.1195|13744.262869698661
95396|68|1|0|0|1.45|24130.882284981864
95476|17|2|0|1|4.07|69248.56026785714
95476|59|2|0|1|2.0438|46982.198939732145
95476|68|1|0|0|2.71|49554.02008928572
95476|81|2|0|1|1.9108|41648.670200892855
95601|87|1|0|0|1.19|25907.6337890625
95661|59|1|0|1|0.61|41490.576450892855
95678|17|1|0|1|9.52|120785.06138392857
95678|52|2|0|1|4.02|61758.162388392855
95678|59|1|0|1|20.82|129371.39285714286
95678|94|2|0|0|9.7353|86252.04464285714
95961|17|1|0|1|0.4055|42438.435825892855
95974|81|2|0|1|0.3746|18749.368395124162
96004|17|1|0|1|0.8502|41860.07561383928
96038|17|1|0|1|0.31|39821.39564732143
96379|87|1|0|0|0.6912|26475.118586948938
96414|17|1|0|1|0.3349|35964.90373883928
96832|59|2|0|1|0.4201|39189.31110491072
96847|17|1|0|1|2.06|17982.732003348214
96975|23|2|0|1|2.022|23197.57003348214
97172|59|2|0|1|2.6984|11943.936680385044
97437|38|2|0|0|3.53|37011.14174107143
97437|59|1|0|1|0.7793|32938.28515625
97574|59|2|0|1|2.72|19106.75740269252
97661|68|1|0|0|3.52|23742.33224051339
97695|52|1|0|1|0.4164|6879.723528180803
97861|59|1|0|1|1.75|21360.7900390625
97942|68|1|0|0|2.58|16598.1708984375
97942|81|1|0|1|0.1925|8033.810198102678
97945|59|1|0|1|0.406|21860.34940011161
98118|17|2|0|1|0.83|53873.599330357145
98118|52|2|0|1|2.18|34686.15625
98118|59|2|0|1|0.88|28405.501813616072
98140|26|2|0|1|3.56095|77765.04799107143
98140|59|2|0|1|4.59|54598.045200892855
98248|87|1|0|0|0.5191|23806.358197893416
98265|32|2|0|1|1.41|39639.86411830357
98346|40|2|0|1|0.649|34430.41071428572
98490|59|1|0|1|0.41|36374.01506696428
98571|17|1|0|1|0.2463|43376.77092633928
98646|9|2|0|0|3.23|47788.58258928572
98747|9|2|0|0|3.32|25864.38351004464
98747|59|2|0|1|2.1089|15125.205636160714
98814|32|2|0|1|3.3267|58455.60881696428
98814|40|2|0|1|2.7724|31688.09988839286
98825|94|2|0|0|2.4491|14406.338448660714
98871|52|2|0|1|0.2429|19557.185198102678
98995|17|1|0|1|0.344|43542.64955357143
98995|68|1|0|0|0.5746|19172.456787109375
99108|52|2|0|1|1.611|28142.564871651786
99146|17|2|0|1|0.8314|26150.81808035714
99282|59|2|0|1|1.6244|35033.921595982145
99377|52|2|0|1|0.65|29725.42020089286
99693|81|1|0|1|6.3397|28933.30929129464
99793|52|2|0|1|0.1326|35229.77650669643
99793|87|2|0|0|0.0189|21147.645438058036