439|9|2|0|0|1.08|7152.688058035715
447|40|2|0|1|0.4694|3331.0206473214284
523|32|2|0|1|0.6478|9552.058035714286
702|59|2|0|1|1.1331|12411.8515625
797|59|1|0|1|7.5143|5576.53125
797|68|1|0|0|2.3854|3990.6955915178573
812|68|1|0|0|0.5741|4013.5563616071427
917|59|1|0|1|1.2795|6984.704799107143
966|32|2|0|1|0.6647|10667.33705357143
1022|17|2|0|1|0.4694|9258.910714285714
1133|17|2|0|1|0.0969|9754.216517857143
1142|59|1|0|1|0.85|5322.731026785715
1190|59|2|0|1|2.4615|8503.52622767857
1270|9|2|0|0|2.48|8668.088169642857
1270|94|2|0|0|0.37|3555.4776785714284
1554|32|2|0|1|0.0646|10445.81138392857
1592|32|2|0|1|3.6637|10941.706473214286
1777|59|1|0|1|0.2944|5254.36328125
2083|15|2|0|1|2.7954|9068.981026785714
2083|26|2|0|1|8.089|11184.261160714286
2083|52|2|0|1|3.3068|6037.065848214285
2083|59|1|0|1|7.944|5573.193080357143
2360|59|2|0|1|6.2374|9381.739955357143
2486|68|1|0|0|1.3553|3058.679129464286
2584|52|1|0|1|0.9767|1419.963169642857
2716|26|2|0|1|3.757|5690.685267857143
2821|59|2|0|1|3.1242|8126.587611607143
2874|87|1|0|0|0.12|4544.677455357143
2891|59|1|0|1|0.4741|4034.4235491071427
2913|52|2|0|1|1.331|4329.463727678572
2916|17|1|0|1|3.728|2188.901785714286
2916|32|2|0|1|2.26|3805.3381696428573
2916|59|2|0|1|1.26|4065.332589285714
3014|17|1|0|1|0.4181|6395.945870535715
3032|59|1|0|1|0.2199|1581.6259765625
3091|81|1|0|1|3.91|4083.033761160714
3316|68|1|0|0|0.6748|3391.9690290178573
3494|59|1|0|1|0.2232|4258.473493303572
3555|59|1|0|1|2.45|3531.66015625
3643|40|2|0|1|1.2752|1097.6298130580358
3710|59|1|0|1|0.5372|4259.055803571428
3931|17|1|0|1|1.2231|6083.501116071428
4024|15|2|0|1|0.6622|7807.697544642857
4024|32|2|0|1|21.11|20351.13839285714
4024|40|2|0|1|18.1746|9957.845982142857
4024|52|2|0|1|8.0726|6717.474330357143
4024|59|2|0|1|0.0|8289.404017857143
4024|81|2|0|1|13.86|11950.88392857143
4024|87|2|0|0|11.9238|13008.565848214286
4052|17|2|0|1|4.68|9899.924107142857
4377|9|2|0|0|1.781|2440.917410714286
4926|32|2|0|1|1.18|9263.82700892857
4990|15|2|0|1|1.5077|3465.2550223214284
5062|9|2|0|0|0.0267|5643.694754464285
5062|59|2|0|1|0.0531|7245.601004464285
5142|17|2|0|1|0.3247|5394.247767857143
5142|52|2|0|1|0.7263|1449.8863002232142
5142|59|2|0|1|0.5946|6704.229910714285
5377|40|2|0|1|1.6499|4326.986607142857
5380|40|2|0|1|1.28|3302.4921875
5462|81|1|0|1|0.4257|2307.824776785714
5498|15|2|0|1|1.1028|6518.488839285715
5498|23|2|0|1|0.91|3707.9118303571427
5548|59|2|0|1|0.2809|8422.25669642857
5638|59|1|0|1|0.49|3011.6531808035716
5696|59|1|0|1|7.62|5099.577008928572
5760|40|2|0|1|1.1759|3880.3225446428573
5844|26|2|0|1|1.81|7163.126116071428
5897|15|2|0|1|2.1251|7387.328683035715
6132|52|2|0|1|0.11|2238.766183035714
6307|17|1|0|1|1.176|5588.416852678572
6454|94|2|0|0|4.7932|3814.3479352678573
6732|59|1|0|1|0.1649|3453.279854910714
6950|59|2|0|1|0.0304|6062.412946428572
7104|9|2|0|0|0.5047|7226.162388392857
8269|32|2|0|1|1.54|3223.338448660714
8623|26|2|0|1|0.57|6214.731026785715
8690|43|2|0|0|0.5042|1428.073939732143
8954|32|2|0|1|0.76|2918.0733816964284
8982|17|2|0|1|0.6629|7744.9296875
8986|59|2|0|1|0.3962|10965.74888392857
9006|59|2|0|1|1.43|10120.146205357143
9086|26|2|0|1|0.78|3916.3571428571427
9086|52|2|0|1|0.78|1170.342075892857
9158|9|2|0|0|2.06|8857.30357142857
9209|59|2|0|1|0.6762|12006.089285714286
9270|15|2|0|1|3.3018|4023.797433035714
9270|94|2|0|0|1.1171|1543.934849330357
9474|68|1|0|0|0.146|3031.884207589286
9594|59|1|0|1|0.1325|4230.489955357143
9609|17|1|0|1|0.8|6585.81640625
9613|55|2|0|1|2.36|7605.180803571428
9925|26|2|0|1|4.8852|8087.736049107143
9944|17|2|0|1|1.911|6820.1015625
9944|32|2|0|1|0.9|6834.015066964285
10091|87|1|0|0|0.5145|5396.662388392857
10117|59|2|0|1|0.406|13647.99888392857
10133|17|2|0|1|0.9137|10850.808035714286
10376|9|2|0|0|9.8|14358.82700892857
10376|59|2|0|1|10.31|13487.34375
10547|15|2|0|1|1.4118|4619.431640625
10999|32|2|0|1|0.73|8697.299107142857
11208|40|2|0|1|3.46|6136.872209821428
11220|15|2|0|1|1.81|3815.7742745535716
11220|87|2|0|0|2.02|2825.6780133928573
11395|17|1|0|1|5.2841|3128.702566964286
11395|59|1|0|1|4.567|3244.669363839286
11395|59|2|0|1|4.567|5537.670758928572
11536|32|2|0|1|1.26|7616.911272321428
11559|17|1|0|1|0.43|5205.037946428572
11587|9|2|0|0|7.9236|10839.247767857143
11587|59|2|0|1|3.0067|8935.03236607143
12086|87|1|0|0|3.1242|1966.8804408482142
12136|59|2|0|1|0.0238|10366.667410714286
12574|32|2|0|1|1.6552|7199.526785714285
12592|59|1|0|1|0.0833|4394.027064732143
12622|17|2|0|1|1.31|8319.109375
12869|87|2|0|0|3.9|5813.736049107143
12869|94|2|0|0|3.0351|5208.531808035715
12930|40|1|0|1|0.8749|1296.0265066964287
12970|17|1|0|1|0.5989|5476.560825892857
13040|9|2|0|0|2.96|8116.794642857143
13054|15|2|0|1|1.951|10218.13950892857
13054|59|2|0|1|0.0|9975.85267857143
13054|81|2|0|1|1.3815|5286.30859375
13154|15|2|0|1|2.67|6635.104910714285
13199|68|1|0|0|0.212|4047.298270089286
13303|32|2|0|1|0.8186|9339.119419642857
13313|17|2|0|1|1.85|7794.25
13313|32|2|0|1|4.5686|7477.885044642857
13333|94|2|0|0|1.4597|3795.5418526785716
13439|32|2|0|1|1.3984|5193.833705357143
13450|17|1|0|1|1.17|5042.136160714285
13488|15|1|0|1|0.163|5649.051339285715
13581|17|1|0|1|1.76|5502.379464285715
13708|52|2|0|1|1.13|4358.560825892857
13733|59|1|0|1|1.9584|5273.198102678572
13751|52|2|0|1|4.83|4544.179129464285
13822|59|2|0|1|0.42|8615.279575892857
13847|87|1|0|0|0.9759|3867.0446428571427
13871|17|1|0|1|1.4984|5680.181919642857
13871|32|2|0|1|1.0534|8360.93470982143
13871|59|1|0|1|1.41|5606.001116071428
13871|68|1|0|0|0.7219|4458.061941964285
13981|68|1|0|0|4.51|4474.397600446428
14470|17|2|0|1|2.7919|11417.464285714286
14470|32|2|0|1|6.1315|19107.40625
14470|59|2|0|1|0.7824|13172.181919642857
14671|17|2|0|1|0.0342|9536.417410714286
14735|26|2|0|1|1.3853|10221.621651785714
14843|43|2|0|0|2.73|2150.512276785714
14843|62|2|0|0|9.6708|9784.34263392857
14843|87|2|0|0|10.7223|14038.744419642857
15071|81|2|0|1|1.61|2505.094308035714
15217|23|2|0|1|2.3316|1966.7765066964287
15217|32|2|0|1|2.13|3431.381417410714
15217|87|2|0|0|3.4566|3106.432198660714
15228|81|2|0|1|0.7268|2089.3837890625
15328|59|2|0|1|0.3999|11244.231026785714
15443|87|1|0|0|0.37|4052.1690848214284
15770|32|2|0|1|0.3742|8489.109933035714
16282|59|2|0|1|0.7494|9402.425223214286
16355|17|2|0|1|0.03|8351.5703125
16488|32|2|0|1|2.7417|6974.419642857143
16613|94|2|0|0|2.71|2584.374441964286
16692|15|2|0|1|0.7038|9224.40345982143
16692|32|2|0|1|3.7134|12235.989955357143
16692|59|2|0|1|0.0|10485.1875
16864|32|2|0|1|13.5944|24495.71875
16921|40|2|0|1|3.126|4107.537946428572
16975|23|2|0|1|2.27|7235.164620535715
17034|59|1|0|1|0.83|4460.970982142857
17043|23|2|0|1|2.709|5827.555245535715
17068|68|1|0|0|0.3|2189.7156808035716
17183|43|2|0|0|0.6839|1285.1648995535713
17321|9|1|0|0|0.6409|5270.79296875
17343|59|2|0|1|0.1866|9775.51450892857
17378|17|1|0|1|0.15|4803.433035714285
17407|59|1|0|1|1.8279|1922.2010323660713
17413|81|1|0|1|0.5671|2114.601004464286
17434|17|1|0|1|0.2711|4897.782924107143
17552|59|1|0|1|0.5619|3172.2438616071427
17552|68|1|0|0|0.7814|2157.6481584821427
17818|17|1|0|1|0.2068|4888.983258928572
17977|92|1|0|0|1.3546|1661.5689174107142
18082|32|2|0|1|2.6331|7287.377790178572
18094|59|2|0|1|0.1364|9317.444754464286
18103|59|2|0|1|2.2225|7782.435825892857
18139|52|2|0|1|1.5088|3081.372488839286
18158|81|1|0|1|1.85|1970.378208705357
18158|81|2|0|1|1.85|3817.6124441964284
18318|81|2|0|1|0.8953|2103.582589285714
18372|32|2|0|1|0.706|5051.588169642857
18408|59|2|0|1|0.502|11458.810267857143
18410|32|2|0|1|1.03|3900.205078125
18438|59|2|0|1|4.3138|9657.784598214286
18515|32|2|0|1|0.0799|3961.5867745535716
18581|59|2|0|1|0.2045|7686.077008928572
18632|52|1|0|1|8.0|1353.0345982142858
18632|52|2|0|1|8.0|3427.6813616071427
18976|32|2|0|1|2.08|8840.98939732143
19067|32|2|0|1|0.19|8040.452008928572
19067|59|1|0|1|0.525|5127.585379464285
19067|68|1|0|0|0.0|4022.5563616071427
19179|15|2|0|1|1.956|4184.854073660715
19272|81|1|1|1|1.88|2478.1964285714284
19515|32|2|0|1|5.0139|3577.2784598214284
19679|15|2|0|1|3.14|8154.604910714285
19679|32|2|0|1|4.6865|11051.609375
19679|52|2|0|1|2.6172|4044.567801339286
19679|81|2|0|1|2.1638|4344.928013392857
19740|17|2|0|1|1.32|9957.684151785714
19740|32|2|0|1|0.39|10373.818080357143
20041|40|2|0|1|2.919|7854.66796875
20041|59|2|0|1|9.8532|17561.66629464286
20041|65|2|0|1|3.657|9840.857142857143
20082|15|2|0|1|1.47|11762.613839285714
20253|59|2|0|1|0.4484|5634.11328125
20693|4|2|1|1|7.175|11863.70424107143
20693|15|2|1|1|5.75|12704.518973214286
20693|26|2|1|1|1.32|8721.42857142857
20693|52|2|1|1|3.23|5133.53125
20881|17|1|0|1|0.7|7708.876116071428
20934|59|1|0|1|2.79|4884.180245535715
20943|32|2|0|1|1.41|9269.053013392857
21119|17|1|0|1|0.259|5595.170758928572
21119|59|1|0|1|0.2074|4054.4162946428573
21215|17|1|0|1|0.2345|6063.397321428572
21394|52|2|0|1|0.342|4511.522600446428
21481|52|2|0|1|0.2451|2288.5212053571427
21798|59|1|0|1|2.0239|5696.237165178572
21807|59|1|0|1|1.0247|4678.05078125
22092|59|1|0|1|1.2258|5845.726004464285
22294|17|1|0|1|0.4757|7259.438616071428
22630|59|1|0|1|0.8301|4701.243861607143
22639|40|2|0|1|0.2811|6336.959821428572
22768|59|1|0|1|0.8675|4663.630580357143
22879|17|1|0|1|1.65|5097.400669642857
22879|87|1|0|0|1.67|3575.6297433035716
22976|32|2|0|1|1.8964|7961.907366071428
23093|40|2|0|1|2.8415|3520.577566964286
23093|52|1|0|1|1.1341|-1487.533482142857
23093|52|2|0|1|1.1341|1042.0458984375
23421|17|1|0|1|0.83|4526.153180803572
23530|32|2|0|1|0.0219|9539.33705357143
23630|17|1|0|1|1.5357|5862.107700892857
23668|59|2|0|1|1.19|8600.771205357143
23812|59|2|0|1|0.3129|10594.29575892857
23846|59|2|0|1|1.2593|9498.6015625
23942|81|2|0|1|0.5728|4883.693638392857
23974|59|1|0|1|0.5851|6594.372209821428
23983|32|2|0|1|1.01|9797.152901785714
24065|94|2|0|0|2.08|3972.162109375
24195|87|1|0|0|0.675|3964.136160714286
24195|87|2|0|0|0.73|5931.649553571428
24382|59|2|0|1|0.783|8874.374441964286
24392|40|2|0|1|0.6393|6322.263950892857
24404|32|2|0|1|9.3728|17343.934151785714
24404|81|2|0|1|8.51|9736.42299107143
24945|32|2|0|1|0.6863|10028.301339285714
24951|17|1|0|1|0.9481|3000.51953125
25015|32|2|0|1|1.5964|11856.074776785714
25026|9|2|0|0|2.409|3731.9109933035716
25104|23|2|0|1|2.2612|5692.035714285715
25104|52|2|0|1|3.6197|3455.2555803571427
25104|59|2|0|1|3.4845|9540.574776785714
25377|59|1|0|1|2.5375|6288.848772321428
25422|59|1|0|1|1.8072|4227.495814732143
25422|68|1|0|0|1.2775|3086.044921875
25627|26|2|0|1|0.6838|7461.594866071428
25671|9|2|0|0|3.2396|7784.426897321428
25671|15|2|0|1|2.8168|7795.010602678572
25816|81|1|0|1|1.37|3201.0440848214284
25825|17|1|0|1|0.89|8485.361049107143
25885|52|2|0|1|0.06|875.2919921875
25887|68|1|0|0|1.39|4676.584821428572
26094|17|1|0|1|0.28|7480.362723214285
26390|17|1|0|1|0.5|3196.365792410714
26539|15|2|0|1|2.38|10920.05580357143
26725|68|1|0|0|0.15|3592.0320870535716
26725|87|1|0|0|0.66|2667.593191964286
26730|17|1|0|1|0.64|7965.94921875
26807|17|2|0|1|0.5169|10281.473214285714
26831|40|2|0|1|0.1712|3448.6258370535716
26954|59|1|0|1|1.56|7210.487723214285
26979|17|1|0|1|2.14|7116.818080357143
26979|59|1|0|1|0.1756|4883.229910714285
27129|59|1|0|1|0.6496|4957.232700892857
27166|59|1|0|1|0.0817|5252.583147321428
27224|40|2|0|1|0.4102|7327.564732142857
27515|32|2|0|1|0.0143|10187.59486607143
27546|32|2|0|1|0.6097|10365.277901785714
27629|32|2|0|1|2.7648|9387.972098214286
27761|59|1|0|1|0.975|6151.2734375
27819|17|1|0|1|9.4593|13884.86607142857
27922|81|1|0|1|1.0517|1546.848353794643
28134|59|1|0|1|1.8871|7596.73046875
28137|59|2|0|1|0.7|7869.435825892857
28137|87|2|0|0|2.65|6566.896763392857
28156|59|1|0|1|1.63|6666.222098214285
28362|9|2|0|0|0.7653|8909.077566964286
28410|17|2|0|1|5.1866|13535.21205357143
28477|32|2|0|1|0.62|8590.419642857143
28847|52|2|0|1|0.7292|2498.465401785714
28861|17|1|0|1|1.081|3606.328683035714
29262|23|2|0|1|1.4774|2358.95703125
29262|59|2|0|1|4.08|5213.014508928572
29666|59|2|0|1|1.17|13416.4765625
29831|59|1|0|1|0.472|8268.627232142857
30114|59|2|0|1|1.51|4599.593470982143
30139|32|2|0|1|1.86|3400.83203125
30409|15|2|0|1|0.372|9194.35546875
30423|17|1|0|1|0.9478|7060.760044642857
30628|81|1|0|1|3.1766|4121.011997767857
30652|52|2|0|1|0.4784|3334.1328125
30771|9|2|0|0|2.68|9102.53515625
30936|59|1|0|1|0.4142|5534.549665178572
31012|68|1|0|0|3.22|6117.784598214285
31153|32|2|0|1|0.0995|6455.335379464285
31551|59|1|0|1|0.95|5573.833147321428
31565|68|1|0|0|2.99|5969.608258928572
31622|59|2|0|1|0.4247|7392.654575892857
31836|87|1|0|0|1.331|5695.306919642857
31836|87|2|0|0|1.331|6904.51953125
31838|68|1|0|0|1.38|4416.032645089285
31890|68|1|0|0|1.0427|3380.9988839285716
31899|17|1|0|1|1.34|6801.111607142857
32006|94|2|0|0|0.2295|4263.359933035715
32060|17|1|0|1|6.8092|5933.184709821428
32060|81|1|0|1|4.8256|3834.102957589286
32437|59|2|0|1|0.7072|6362.541852678572
32572|32|2|0|1|0.0318|10295.418526785714
32660|17|1|0|1|1.1505|8398.446986607143
32681|68|1|0|0|0.5732|4150.565569196428
32730|59|2|0|1|1.2399|14108.875
32795|26|2|0|1|2.6343|7385.838169642857
32795|32|2|0|1|5.12|11857.86607142857
32795|59|2|0|1|3.84|10937.21763392857
32896|94|2|0|0|1.5161|5331.336495535715
32986|17|1|0|1|0.2093|8237.658482142857
32997|32|2|0|1|3.4711|9962.042410714286
32997|40|2|0|1|2.63|4318.246930803572
33084|59|1|0|1|0.3748|2972.0772879464284
33248|81|2|0|1|4.2851|8231.19140625
33428|59|2|0|1|2.94|10463.09263392857
33453|32|2|0|1|1.32|11142.57924107143
33486|17|2|0|1|8.51|16805.248883928572
33486|55|2|0|1|4.2494|7435.755022321428
34190|68|1|0|0|3.7789|8688.669642857143
34244|32|2|0|1|5.19|10749.174107142857
34315|59|1|0|1|0.4126|8003.131138392857
34407|92|1|0|0|0.69|9007.43470982143
34500|32|2|0|1|2.9517|4497.150390625
34512|59|1|0|1|4.8541|16921.76785714286
34775|81|2|0|1|3.0631|2532.188058035714
34853|59|2|0|1|0.4378|4361.891741071428
34922|9|2|0|0|1.3416|8911.811941964286
34977|4|2|1|1|1.23|8169.529575892857
35052|87|2|0|0|1.3029|5658.893973214285
35100|32|2|0|1|0.86|10691.097098214286
35271|40|2|0|1|5.8772|6479.858816964285
35284|59|1|0|1|0.8183|8195.844308035714
35287|87|2|0|0|7.593|12038.572544642857
35465|32|2|0|1|3.8165|3952.738839285714
35689|68|1|0|0|0.5907|3997.51953125
35719|40|2|0|1|0.8782|7852.688058035715
35819|52|2|0|1|0.4725|2567.833984375
35888|59|1|0|1|1.0572|9408.377232142857
36088|59|2|0|1|1.9915|5618.333705357143
36094|94|2|0|0|1.5479|5565.861607142857
36122|59|1|0|1|0.9166|8957.417410714286
36123|15|2|0|1|6.72|16068.61607142857
36258|17|1|0|1|1.97|8597.603236607143
36331|59|1|0|1|0.78|8597.325892857143
36468|15|2|0|1|1.9141|13494.45424107143
36535|17|1|0|1|1.6|4060.0022321428573
36535|59|1|0|1|1.6|4831.262834821428
36708|40|2|0|1|0.5462|3898.1364397321427
36918|17|1|0|1|2.0733|9388.02455357143
37005|81|1|0|1|3.74|1667.2384207589287
37371|32|2|0|1|1.1643|3793.433035714286
37461|52|2|0|1|3.68|2604.2042410714284
37661|59|1|0|1|0.9008|10637.12611607143
37826|17|2|0|1|10.1482|10663.050223214286
37826|32|2|0|1|4.4695|4178.015625
38025|59|1|0|1|3.94|11383.7265625
38272|17|1|0|1|1.4393|9530.79575892857
38272|52|2|0|1|0.9413|4980.989397321428
38272|71|1|0|1|1.06|3998.02734375
38272|81|1|0|1|2.95|4515.125837053572
38272|87|1|0|0|1.63|4956.0
38443|17|1|0|1|1.1093|9305.21372767857
38454|32|2|0|1|1.0169|8467.56919642857
38481|81|1|0|1|1.1017|3466.6749441964284
38512|17|2|0|1|4.99|14604.676339285714
38557|59|1|0|1|0.2297|9206.049107142857
38645|68|1|0|0|0.49|5110.852120535715
38764|40|2|0|1|0.8051|5789.847098214285
38795|40|2|0|1|2.18|5973.323102678572
39040|81|2|0|1|2.5438|4994.113839285715
39112|32|2|0|1|5.68|12445.989955357143
39261|87|1|0|0|1.08|4995.918526785715
39261|87|2|0|0|1.08|5285.4296875
39261|94|2|0|0|2.4291|3502.754464285714
39276|17|2|0|1|0.3938|9425.800223214286
39360|32|2|0|1|3.08|10508.463169642857
39495|17|1|0|1|3.76|4531.977957589285
39664|59|1|0|1|1.122|10416.338169642857
39664|59|2|0|1|1.122|12436.198660714286
39664|68|1|0|0|1.4329|4685.627232142857
39939|87|2|0|0|0.6882|5342.787388392857
39979|17|1|0|1|0.7419|7702.989955357143
40200|71|1|0|1|1.774|2237.247628348214
40204|17|2|0|1|0.2543|12047.472098214286
40352|32|2|0|1|0.35|11427.82700892857
40447|26|2|0|1|1.4783|7902.998325892857
41027|32|2|0|1|1.877|13639.715401785714
41398|17|2|0|1|0.9908|12538.9765625
41607|59|1|0|1|1.6562|10096.482142857143
41607|81|1|0|1|0.46|1311.4068080357142
42164|17|2|0|1|0.6153|9380.369419642857
42384|59|1|0|1|0.1236|10005.13950892857
42448|9|2|0|0|1.0209|9904.857142857143
42483|32|2|0|1|0.2992|10754.66517857143
42520|32|2|0|1|0.0418|7505.87890625
42577|9|2|0|0|1.2|9261.873325892857
42777|59|1|0|1|0.78|10850.168526785714
42787|40|2|0|1|0.9728|4963.525669642857
42915|40|1|0|1|0.2732|4488.378627232143
43077|9|2|0|0|0.5|8976.89564732143
43129|59|1|0|1|0.6094|11816.660714285714
43256|87|2|0|0|1.61|3128.1046316964284
43705|17|2|0|1|4.2676|10760.168526785714
44150|9|2|0|0|4.314|4930.9453125
44150|32|2|0|1|1.04|4711.625558035715
44150|59|1|0|1|1.45|5350.202566964285
44150|81|2|0|1|0.8948|391.8112095424107
44150|87|1|0|0|0.1|1331.2130301339287
44155|59|2|0|1|0.034|16441.530133928572
44512|32|2|0|1|3.78|4916.240513392857
44625|17|2|0|1|1.29|6397.177455357143
44713|59|1|0|1|2.12|5618.601004464285
44837|68|1|0|0|0.4|3562.4921875
45489|26|2|0|1|1.87|12672.86049107143
45489|32|2|0|1|6.8|17587.534598214286
45680|59|2|0|1|1.7696|15093.518973214286
45742|9|2|0|0|0.9776|11931.443080357143
45773|32|2|0|1|5.22|10317.16517857143
45849|40|2|0|1|0.5089|7821.034040178572
46130|59|2|0|1|0.1257|17700.40401785714
46499|32|2|0|1|0.2835|12318.299107142857
46712|59|2|0|1|0.2765|7305.1875
47033|59|1|0|1|1.0523|11179.970982142857
47258|40|2|0|1|1.334|8663.517857142857
47298|59|1|0|1|0.17|11334.276785714286
47465|59|2|0|1|1.0211|14809.004464285714
47532|26|2|0|1|0.55|8264.582589285714
47561|17|2|0|1|0.5797|11196.386160714286
47829|17|1|0|1|1.31|8123.390625
47829|17|2|0|1|1.31|12521.987723214286
47829|92|1|0|0|1.3464|4957.073102678572
47874|17|1|0|1|1.1386|7961.914620535715
47874|59|1|0|1|0.8385|9878.20200892857
47921|32|2|0|1|7.3735|6754.422991071428
48223|17|2|0|1|1.464|12115.667410714286
48410|68|1|0|0|1.12|3963.975167410714
48410|68|2|0|0|1.12|3573.709542410714
48410|81|1|0|1|1.2873|2594.346261160714
48410|81|2|0|1|1.2873|1740.0888671875
48410|87|2|0|0|0.2441|3370.244698660714
48438|17|1|0|1|0.4449|6584.258370535715
48453|17|1|0|1|2.0878|8500.549107142857
48453|17|2|0|1|2.0878|14209.941964285714
48461|84|2|0|0|2.2005|2665.6403459821427
48615|15|2|0|1|2.0116|17439.254464285714
48615|81|2|0|1|1.8099|4983.315848214285
48626|32|2|0|1|3.7503|5390.5859375
48652|17|1|0|1|0.57|9186.549107142857
48652|59|1|0|1|1.24|11438.2578125
48720|59|2|0|1|0.2209|18739.73214285714
48807|17|1|0|1|0.47|8336.46875
48816|15|2|0|1|2.11|8166.951450892857
48827|17|1|0|1|5.24|11617.505580357143
48827|17|2|0|1|5.24|15394.035714285714
48827|40|2|0|1|8.41|9824.396205357143
48827|59|1|0|1|8.1338|13538.130580357143
48827|59|2|0|1|8.1338|15853.645089285714
48849|59|2|0|1|2.03|18301.899553571428
48877|32|2|0|1|13.18|24805.301339285714
48877|52|2|0|1|7.21|5935.8125
48877|59|2|0|1|7.17|18656.762276785714
48877|81|2|0|1|7.99|8183.570870535715
48890|48|2|0|0|4.9765|3881.181082589286
49034|59|1|0|1|1.1009|6441.895089285715
49130|17|1|0|1|2.7138|11778.08705357143
49305|9|2|0|0|3.1844|18629.301339285714
49345|40|2|0|1|1.83|11083.859375
49345|59|2|0|1|0.82|21113.65625
49541|68|1|0|0|3.0|4097.881975446428
49541|87|2|0|0|2.78|4812.258928571428
49541|94|2|0|0|1.88|3560.9190848214284
49636|9|2|0|0|2.8601|21947.95535714286
49636|17|2|0|1|12.2474|24602.16964285714
49636|26|2|0|1|3.0178|21505.98214285714
49636|52|2|0|1|6.9004|9067.800223214286
49636|59|2|0|1|20.8122|29550.48214285714
49636|81|2|0|1|0.44|7024.773995535715
49672|32|2|0|1|1.1995|6226.149553571428
49929|59|1|0|1|0.17|12927.245535714286
50093|17|1|0|1|1.0286|4545.947823660715
50343|87|1|0|0|3.4319|4463.392578125
50386|40|2|0|1|0.4262|5022.223772321428
50441|59|1|0|1|1.01|3032.6090959821427
50486|59|2|0|1|2.4|5945.382254464285
50528|4|2|1|1|21.598|15913.058035714286
50528|52|2|1|1|2.85|6149.839285714285
50647|40|2|0|1|0.5223|7120.491629464285
50909|9|2|0|0|2.0004|3291.341796875
51031|8|2|0|0|2.09|8458.398995535714
51311|59|1|0|1|0.3799|3062.6671316964284
51387|23|2|0|1|0.4422|3189.909598214286
51766|52|1|0|1|0.6861|2507.8186383928573
51822|17|1|0|1|12.41|13029.79575892857
51852|17|2|0|1|2.55|3561.7140066964284
52008|8|2|0|0|6.9|11307.604910714286
52069|40|2|0|1|2.405|3336.78515625
52160|94|2|0|0|4.25|1040.7665318080358
52182|17|1|0|1|1.1038|6758.598772321428
52311|87|2|0|0|0.2315|2359.4372209821427
52363|59|1|0|1|0.7608|4457.273158482143
52441|17|2|0|1|0.271|6686.661830357143
52475|59|1|0|1|1.7105|4474.696707589285
52835|59|2|0|1|0.7394|6651.799665178572
52973|43|2|0|0|1.362485|4580.618303571428
53020|15|2|0|1|0.2942|6840.044084821428
53135|40|2|0|1|0.2821|5908.116071428572
53137|4|2|1|1|6.88|7573.516741071428
53137|26|2|1|1|5.0644|4245.284598214285
53298|59|2|0|1|2.2158|6949.553013392857
53833|68|1|0|0|0.85|3307.239676339286
53891|32|2|0|1|1.4798|6491.152901785715
53975|17|2|0|1|2.34|7154.642299107143
53975|32|2|0|1|0.3076|5364.641183035715
54183|87|1|0|0|1.26|4057.3113839285716
54397|87|1|0|0|0.1|4205.091796875
54915|15|2|0|1|2.06|2593.6668526785716
54960|68|1|0|0|1.57|4436.273158482143
55225|32|2|0|1|2.3661|3258.420479910714
55261|32|2|0|1|3.2715|7254.202566964285
55281|26|2|0|1|0.31|7344.036830357143
55370|17|1|0|1|0.843|4839.848772321428
55497|59|1|0|1|6.7226|7223.529575892857
55518|40|2|0|1|1.2247|3506.6643415178573
55611|81|1|0|1|0.89|4596.626953125
55618|32|2|0|1|0.4105|10045.761160714286
55644|52|2|0|1|0.9483|5651.35546875
55693|52|2|0|1|0.4136|6087.65234375
55823|59|1|0|1|0.8921|3872.0036272321427
56446|17|1|0|1|0.5939|2029.752232142857
56834|32|2|0|1|2.1421|8643.09654017857
56863|17|2|0|1|1.5098|5384.844866071428
56971|32|2|0|1|4.7086|10772.814732142857
57052|17|1|0|1|1.83|3162.914620535714
57052|59|1|0|1|5.8907|3402.9659598214284
57052|87|1|0|0|3.1|2404.4924665178573
57191|32|1|0|1|3.7255|6811.783482142857
57191|32|2|0|1|3.7255|10879.755580357143
57203|59|1|0|1|0.3092|5427.1640625
57254|32|2|0|1|1.4107|7500.612165178572
57254|59|2|0|1|1.1054|7493.234933035715
57397|59|2|0|1|1.0026|8558.29966517857
57440|32|2|0|1|3.72|4270.942801339285
57450|17|1|0|1|0.41|6796.498883928572
58150|52|2|0|1|1.6289|6494.591517857143
58378|81|1|0|1|0.7262|3827.2854352678573
58478|17|2|0|1|0.1844|7569.087611607143
58567|17|2|0|1|2.6214|7940.987723214285
58595|81|2|0|1|2.285|4521.064732142857
58685|52|2|0|1|0.265|6872.260044642857
58769|32|2|0|1|4.25|4164.365513392857
58769|59|2|0|1|4.07|4212.254464285715
58948|17|1|0|1|0.42|7143.14453125
59027|15|2|0|1|0.4526|7277.462611607143
59124|15|2|0|1|0.2991|7277.462611607143
59146|59|2|0|1|1.7|3377.69140625
59317|15|2|0|1|0.8451|7723.955357142857
59317|59|2|0|1|0.0|7604.552455357143
59397|40|2|0|1|2.7|6503.215401785715
59397|59|2|0|1|2.7857|6653.420200892857
59516|59|1|0|1|0.5501|4262.315011160715
59516|65|1|0|1|1.1399|3972.3147321428573
59544|59|2|0|1|2.52|6139.10546875
59598|32|1|0|1|0.079|4748.532366071428
59612|81|2|0|1|1.1326|5861.44140625
59757|9|2|0|0|0.417|5387.502790178572
59892|9|2|0|0|3.5355|9656.3828125
59892|17|2|0|1|7.6771|16584.72433035714
59939|9|2|0|0|2.54|7186.963727678572
59939|17|1|0|1|10.86|14647.6796875
59939|17|2|0|1|10.86|14497.11607142857
59939|52|2|0|1|3.5271|6091.422433035715
60279|87|1|0|0|1.12|5223.199776785715
60279|87|2|0|0|1.12|3550.942801339286
60635|17|1|0|1|2.4754|7037.058035714285
60667|40|2|0|1|0.6019|4635.400669642857
60871|40|2|0|1|3.9349|5260.236607142857
60871|59|2|0|1|4.61|5353.215959821428
60871|81|1|0|1|6.09|5655.86328125
60871|81|2|0|1|6.09|3731.8331473214284
61062|9|2|0|0|2.32|2458.4547991071427
61062|84|2|0|0|0.9|1374.2719029017858
61062|94|2|0|0|2.0|1608.5054408482142
61076|23|2|0|1|0.8655|3377.046316964286
61161|59|1|0|1|1.58|4282.388950892857
61177|17|2|0|1|7.039|10995.6328125
61177|26|2|0|1|2.2924|9952.981026785714
61177|32|2|0|1|5.1465|9048.80357142857
61177|52|2|0|1|7.9425|7972.782366071428
61370|15|2|0|1|0.9986|9249.82533482143
61431|40|2|0|1|1.2584|3597.8895089285716
61478|32|2|0|1|2.49|8446.469308035714
61497|15|2|0|1|1.8309|7731.309151785715
61845|59|1|0|1|0.48|5790.676897321428
61928|81|1|0|1|2.45|3932.2449776785716
62259|94|2|0|0|0.399|1868.783482142857
62440|15|2|0|1|0.2342|6729.914620535715
62521|59|1|0|1|0.0398|3569.733816964286
62521|87|2|0|0|0.0243|2719.2589285714284
62580|59|1|0|1|0.56|3623.1065848214284
62606|26|2|0|1|0.49|6686.943080357143
62629|23|2|0|1|1.76|4331.172433035715
62629|81|1|0|1|5.0857|5031.207589285715
62869|59|1|0|1|0.405|4220.092354910715
62977|26|2|0|1|1.8474|7665.115513392857
62977|52|2|0|1|4.8447|6973.599330357143
62977|87|2|0|0|0.3939|2855.5608258928573
63133|59|1|0|1|1.7|5912.083705357143
63133|68|1|0|0|1.48|4871.055803571428
63133|68|2|0|0|0.13|5257.781808035715
63133|81|1|0|1|0.2245|4530.227120535715
63133|81|2|0|1|0.2245|4486.672712053572
63133|87|2|0|0|0.1229|4862.206473214285
63181|17|1|0|1|2.68|2367.809988839286
63181|68|1|0|0|1.1|1845.609654017857
63209|17|1|0|1|0.6366|6404.744977678572
63209|17|2|0|1|0.6366|6953.724888392857
63312|15|2|0|1|2.1223|4161.063058035715
63365|59|1|0|1|4.41|5762.127232142857
63510|59|1|0|1|0.1373|4238.446149553572
63812|40|1|0|1|1.0513|4012.9762834821427
63812|40|2|0|1|2.32|6622.488839285715
63987|68|1|0|0|0.5128|4171.529296875
64042|59|1|0|1|4.03|7827.16015625
64329|59|2|0|1|0.8939|6638.875
64499|32|2|0|1|1.3996|8177.649553571428
64722|81|1|0|1|0.63|2640.5393415178573
64738|52|1|0|1|0.44|1393.8330078125
64738|52|2|0|1|0.44|2214.9377790178573
64845|59|1|0|1|0.81|4472.587332589285
64845|59|2|0|1|0.81|6151.571986607143
64919|59|2|0|1|1.4|6559.043526785715
65256|87|2|0|0|0.8094|3989.7059151785716
65375|32|2|0|1|2.1694|6067.4375
65838|59|1|0|1|1.3993|3212.3113839285716
65838|59|2|0|1|1.3993|4921.950892857143
65920|81|1|0|1|0.17|2772.3074776785716
65935|9|2|0|0|0.57|4782.569754464285
65991|15|2|0|1|1.935|6425.907366071428
66010|59|2|0|1|0.7254|7049.403459821428
66052|81|2|0|1|1.74|2860.140625
66350|9|2|0|0|1.95|6207.487723214285
66350|32|2|0|1|3.131|8055.62890625
66350|59|2|0|1|3.1037|7374.76171875
66451|59|1|0|1|4.6496|5044.981026785715
66472|17|1|0|1|0.4659|5031.709263392857
66708|40|2|0|1|0.6647|3573.040457589286
66871|68|1|0|0|0.959|3884.746651785714
66914|15|2|0|1|1.156|2975.7756696428573
67061|40|2|0|1|0.2568|6813.674665178572
67186|32|2|0|1|3.2218|5837.916294642857
67292|43|2|0|0|0.57|4900.746651785715
67512|9|2|0|0|0.82|4339.651227678572
67670|17|2|0|1|0.6158|5369.693638392857
67739|9|2|0|0|4.9882|4323.594029017857
67743|59|1|0|1|0.904|5570.290178571428
67767|52|2|0|1|0.2785|8611.267299107143
67872|15|2|0|1|4.43|8277.887276785714
67923|23|2|0|1|3.2408|5973.223772321428
67974|40|2|0|1|1.64|7395.971540178572
68049|87|2|0|0|0.46|6062.485491071428
68089|26|2|0|1|2.4|9591.54575892857
68089|52|2|0|1|9.35|10246.271205357143
68089|59|2|0|1|9.54|11339.79799107143
68145|4|2|1|1|5.18|8973.752232142857
68145|15|2|1|1|0.8455|9100.476004464286
68145|26|2|1|1|1.7034|10535.448660714286
68145|52|2|1|1|1.95|8608.54296875
68145|59|2|1|1|2.86|7913.142299107143
68718|52|2|0|1|2.11|6548.467075892857
68761|32|2|0|1|1.2254|4051.0114397321427
68807|17|1|0|1|0.5972|3192.1071428571427
68850|59|1|0|1|2.08|5434.561383928572
68936|40|2|0|1|3.2633|7383.1796875
68971|43|2|0|0|3.8101|6358.896205357143
68971|68|1|0|0|2.0857|5870.3046875
69003|59|1|0|1|3.561|7321.895089285715
69033|40|2|0|1|0.4186|9704.689732142857
69138|17|1|0|1|2.5|6815.755022321428
69205|32|2|0|1|4.0997|8159.920758928572
69387|87|1|0|0|0.5469|3120.8526785714284
69470|40|2|0|1|0.7886|7102.41015625
69552|59|1|0|1|2.51|3049.9866071428573
69552|59|2|0|1|2.51|5027.542410714285
69552|65|2|0|1|1.02|3796.2059151785716
69576|23|2|0|1|0.9315|2337.938058035714
69730|52|1|0|1|4.2266|2977.7912946428573
69730|52|2|0|1|4.2266|6263.477120535715
69901|81|2|0|1|0.5058|3732.2109375
69939|40|2|0|1|0.3211|8483.070870535714
70039|59|2|0|1|7.737|10037.986607142857
70101|59|2|0|1|0.4804|7248.784040178572
70111|9|2|0|0|1.67|5459.285714285715
70112|17|1|0|1|0.62|4992.145089285715
70172|40|2|0|1|1.9222|8187.751116071428
70224|17|2|0|1|0.0869|6826.37109375
70378|9|2|0|0|2.45|6315.858258928572
70407|17|1|0|1|0.9209|2404.55859375
70407|87|1|0|0|1.01|2945.681640625
70449|59|1|0|1|2.9|3977.9723772321427
70520|9|2|0|0|0.0346|4661.570033482143
70598|59|1|0|1|0.8341|1972.8302176339287
70598|92|1|0|0|2.2117|1410.169642857143
70604|81|2|0|1|1.2361|5863.940290178572
70620|59|1|0|1|0.85|3240.266183035714
70658|40|2|0|1|0.2509|5917.213169642857
70721|15|2|0|1|2.5909|6156.786272321428
70754|59|2|0|1|2.8132|7330.853794642857
71061|32|2|0|1|2.2081|6616.794084821428
71260|26|2|0|1|1.1584|7630.498883928572
71300|26|2|0|1|2.12|6959.613839285715
71300|68|1|0|0|1.9039|3589.8487723214284
71300|84|1|0|0|1.9039|3038.2619977678573
71520|9|2|0|0|0.2912|5282.303013392857
71533|59|2|0|1|1.2264|7918.9296875
71764|17|2|0|1|0.91|7670.05859375
71764|23|2|0|1|0.0622|5754.469308035715
71764|32|2|0|1|2.81|7411.757254464285
71764|87|2|0|0|1.68|6828.262834821428
71764|94|2|0|0|6.096|5988.635602678572
71788|59|2|0|1|0.2962|4773.633928571428
71833|94|2|0|0|1.0259|4046.8381696428573
71993|81|2|0|1|1.2817|3798.8942522321427
72027|4|2|1|1|2.76|6814.672433035715
72124|32|2|0|1|0.9395|5150.532924107143
72130|81|2|0|1|4.3341|5585.755580357143
72175|59|1|0|1|0.43|3246.409598214286
72252|17|1|0|1|0.42|4166.695870535715
72315|59|1|0|1|0.0965|1786.6244419642858
72387|59|2|0|1|0.3881|8503.90736607143
72495|17|2|0|1|3.29|3267.529854910714
72495|40|2|0|1|2.86|3504.211495535714
72583|59|1|0|1|0.8782|3867.4846540178573
72803|26|2|0|1|3.38|10701.839285714286
72803|40|2|0|1|1.3463|6242.592075892857
72803|59|2|0|1|2.5891|7125.395089285715
72803|94|2|0|0|0.7963|4454.20703125
73332|32|2|0|1|0.6041|6769.306919642857
73443|17|1|0|1|0.6416|3315.880859375
73443|17|2|0|1|0.6416|5043.943638392857
73540|59|2|0|1|0.3201|8791.6875
73580|59|1|0|1|0.6303|2771.3069196428573
73893|40|2|0|1|1.1582|2771.9852120535716
74003|59|2|0|1|2.9465|7092.491071428572
74004|52|2|0|1|0.3834|8594.83203125
74410|32|2|0|1|3.7392|7055.302455357143
74427|17|2|0|1|1.57|3769.4983258928573
74473|59|2|0|1|1.7953|6884.068080357143
74722|59|1|0|1|0.6768|4167.666573660715
74812|17|1|0|1|0.28704|3260.7315848214284
74974|15|1|0|1|0.2961|3755.998046875
75037|15|2|0|1|0.5665|6472.279575892857
75065|59|1|0|1|1.66|4216.571428571428
75075|17|2|0|1|0.74|5629.544642857143
75171|17|2|0|1|1.73|3725.4268973214284
75379|40|2|0|1|0.42977|8634.563058035714
75402|59|1|0|1|0.39|1537.9275948660713
75428|59|2|0|1|0.3355|8218.97767857143
75464|81|1|0|1|1.2212|2203.8083147321427
75702|17|1|0|1|3.5176|2105.7106584821427
75832|87|2|0|0|0.121|3637.927734375
76117|87|1|0|0|1.08|5478.319754464285
76134|26|2|0|1|1.2068|9219.94921875
76361|59|2|0|1|0.4463|12008.7421875
76459|15|2|0|1|2.3918|11062.74107142857
76459|17|1|0|1|0.9737|4820.298549107143
76459|26|2|0|1|7.5446|17750.25223214286
76459|52|2|0|1|8.5245|12913.064732142857
76476|17|1|0|1|0.7054|4509.801339285715
76588|32|2|0|1|6.8286|10532.207589285714
76588|59|2|0|1|1.3303|6181.712053571428
76698|17|1|0|1|0.5188|1052.1621791294642
76949|32|2|0|1|0.4293|5036.541852678572
76977|81|2|0|1|0.9352|2142.1014229910716
77069|59|1|0|1|2.3254|4085.302176339286
77330|81|2|0|1|1.76|4526.73828125
77440|59|1|0|1|0.47|3899.6121651785716
77527|52|2|0|1|1.12|8366.388950892857
77614|59|2|0|1|0.4619|4369.308872767857
77616|17|1|0|1|0.6166|4806.588169642857
77661|32|2|0|1|1.289|5313.751674107143
77844|59|2|0|1|1.0818|4730.045200892857
77867|81|2|0|1|1.03|3079.5920758928573
77867|87|2|0|0|3.22|3992.486886160714
77964|87|1|0|0|0.3064|3883.0368303571427
77984|15|2|0|1|0.6446|7524.754464285715
77984|59|2|0|1|0.0|6695.891183035715
77984|81|2|0|1|1.5893|5046.488839285715
78210|59|2|0|1|5.6249|3594.3337053571427
78229|68|1|0|0|1.162|5652.383370535715
78273|94|2|0|0|1.7842|4241.491908482143
78281|94|2|0|0|3.82|6667.330357142857
78460|81|2|0|1|4.536|3069.479073660714
78565|8|2|0|0|1.057|6519.949776785715
78846|15|2|0|1|0.6955|8153.6796875
78846|59|2|0|1|0.0|7393.647879464285
78863|17|2|0|1|2.0094|7514.720982142857
79247|32|2|0|1|3.4083|4354.038225446428
79247|59|2|0|1|1.4779|4109.578962053572
79253|17|1|0|1|0.0282|6303.834821428572
79550|15|2|0|1|2.5369|4481.876953125
79653|59|1|0|1|3.1556|6092.718191964285
79722|52|2|0|1|0.3581|6322.998325892857
79796|94|2|0|0|2.9977|2272.0291573660716
79903|23|2|0|1|1.016|7657.411830357143
80170|32|2|0|1|2.1631|5661.951450892857
80170|59|2|0|1|1.8688|5887.537388392857
80461|59|1|0|1|0.4008|5893.686383928572
80479|52|2|0|1|5.64|7274.950892857143
80506|40|2|0|1|1.7935|6157.116071428572
80600|52|1|0|1|0.8949|3697.971261160714
80627|8|2|0|0|3.0|6704.866629464285
80627|9|2|0|0|11.16|12911.020089285714
80627|43|2|0|0|4.24|4490.864955357143
80627|62|2|0|0|1.8|4204.409319196428
80886|17|2|0|1|0.19|3044.451729910714
80942|17|2|0|1|3.9164|6313.715401785715
81034|17|1|0|1|3.07|4843.878348214285
81034|68|1|0|0|4.8904|8906.4921875
81034|92|1|0|0|3.51|5586.482142857143
81093|17|1|0|1|0.7|1883.0933314732142
81554|32|2|0|1|0.4686|4474.215959821428
81717|17|1|0|1|0.2624|3290.5320870535716
82023|43|2|0|0|6.5144|6124.663504464285
82727|17|1|0|1|0.9814|5446.223214285715
82928|15|2|0|1|3.785|7830.089285714285
82939|68|1|0|0|0.76|5778.376116071428
83256|59|2|0|1|2.2643|8957.827566964286
83458|10|2|0|1|1.8125|2993.7834821428573
83458|26|2|0|1|1.0167|4000.4581473214284
83472|17|1|0|1|7.42|11132.89732142857
83472|59|1|0|1|16.46|14883.666294642857
83472|81|1|0|1|8.0|12391.517857142857
84051|15|2|0|1|4.1|9748.146205357143
84051|23|2|0|1|3.8|9261.809151785714
84051|59|2|0|1|3.0|7485.318080357143
84174|15|2|0|1|2.74|10085.815848214286
84174|32|2|0|1|2.628|12664.840401785714
84174|40|2|0|1|3.06|9205.81529017857
84183|59|2|0|1|0.6629|5412.305245535715
84287|59|1|0|1|0.3975|7408.720982142857
84380|17|1|0|1|0.1183|10306.03125
84413|94|2|0|0|1.3638|6803.255580357143
84482|81|1|0|1|4.9577|7634.254464285715
84518|32|2|0|1|0.36|5719.724888392857
84613|59|1|0|1|5.5066|3467.8752790178573
84613|81|1|0|1|1.1581|2659.8498883928573
84689|92|1|0|0|1.1398|6014.609375
84804|17|2|0|1|1.66|10119.1328125
84804|32|2|0|1|17.1833|19671.74776785714
84904|32|2|0|1|1.021|9252.664620535714
84948|68|1|0|0|2.3375|4209.444196428572
85001|15|2|0|1|0.7811|10224.082589285714
85201|17|1|0|1|0.1584|9932.669642857143
85203|59|2|0|1|0.8159|6300.799665178572
85407|59|1|0|1|0.5971|3974.663504464286
85414|59|2|0|1|2.55|6675.390066964285
85515|15|2|0|1|1.8689|12342.931919642857
85546|23|2|0|1|7.1294|5146.674107142857
85548|26|2|0|1|3.6318|12513.107142857143
85548|32|2|0|1|1.61|8916.056361607143
85548|40|2|0|1|1.03|6668.738839285715
85756|59|1|0|1|3.3923|4752.700892857143
85840|81|1|0|1|1.4|5084.785714285715
85840|87|2|0|0|1.85|5958.959821428572
85855|59|2|0|1|0.9497|8179.133370535715
85924|52|2|0|1|0.42|7654.84765625
85950|9|2|0|0|2.17|10966.78236607143
85950|94|2|0|0|0.66|4679.036551339285
85952|87|2|0|0|0.5336|3936.0616629464284
85984|32|2|0|1|4.37|8726.204799107143
85984|59|2|0|1|4.6|9223.184151785714
86182|84|2|0|0|0.1759|2807.5030691964284
86229|59|2|0|1|0.1187|5759.116071428572
86237|17|1|0|1|0.1655|11131.765625
86267|52|2|0|1|0.44|3719.7692522321427
86271|40|2|0|1|0.6|7896.000558035715
86271|59|1|0|1|1.001|6639.984933035715
86271|59|2|0|1|1.001|8769.053013392857
86271|87|2|0|0|1.4113|5187.150111607143
86542|59|1|0|1|0.61|5259.678571428572
86582|17|1|0|1|0.0|14645.088169642857
86582|59|1|0|1|0.0|7385.811941964285
86743|26|2|0|1|1.77|11062.41517857143
86749|52|2|0|1|1.55|7810.891741071428
86767|94|2|0|0|0.6348|5285.547991071428
86901|52|2|0|1|1.27|6900.526227678572
86916|40|2|0|1|4.6468|11456.7265625
87125|17|2|0|1|0.43|11279.14174107143
87125|32|2|0|1|0.244|9753.135044642857
87201|59|1|0|1|0.416|5167.762276785715
87207|59|2|0|1|0.33|9105.095424107143
87293|32|2|0|1|2.7309|7529.245535714285
87293|59|2|0|1|1.2014|7476.481026785715
87434|15|2|0|1|2.43|8718.75
87539|59|2|0|1|0.322|8660.392299107143
87552|9|2|0|0|0.77|9411.494419642857
87664|59|1|0|1|2.09|5093.045200892857
87873|32|2|0|1|1.3747|7263.002790178572
87873|59|1|0|1|5.9563|7750.153459821428
87873|59|2|0|1|5.9563|8196.381138392857
87878|15|2|0|1|6.9837|15549.00111607143
88023|9|2|0|0|0.2624|8257.993861607143
88040|17|1|0|1|3.2779|9419.590401785714
88040|92|1|0|0|0.5|4176.023716517857
88205|87|1|0|0|0.5341|6052.654017857143
88517|87|1|0|0|0.941|5228.823660714285
88525|23|2|0|1|2.06|8597.781808035714
88691|17|2|0|1|2.453|9542.14174107143
88841|52|1|0|1|0.8096|6959.098214285715
88928|40|2|0|1|4.5727|5642.093191964285
88928|52|2|0|1|1.6099|4592.036551339285
89417|23|2|0|1|2.9756|4630.870814732143
89417|32|2|0|1|1.3|4310.983816964285
89417|59|2|0|1|3.96|5422.4140625
89430|15|2|0|1|0.78|11270.67857142857
89440|26|2|0|1|4.5|10093.708705357143
89440|40|2|0|1|2.16|8061.637834821428
89602|32|2|0|1|4.3488|8165.603794642857
89768|52|2|0|1|2.5313|5621.94921875
89835|17|1|0|1|0.193|10817.534598214286
89842|17|1|0|1|0.2143|10421.705357142857
90076|15|2|0|1|0.189|6096.806361607143
90202|9|2|0|0|1.9441|3744.212890625
90227|17|1|0|1|1.66|11547.19419642857
90537|59|2|0|1|0.469|9745.841517857143
90597|59|1|0|1|1.93|8377.646205357143
90901|59|2|0|1|7.236|6706.325892857143
90980|9|2|0|0|0.6787|8894.186941964286
91094|59|1|0|1|0.93|4272.059988839285
91148|23|2|0|1|2.4211|9450.316964285714
91148|32|2|0|1|1.58|8308.55357142857
91178|59|1|0|1|0.279|4814.439174107143
91179|9|2|0|0|2.0044|8855.410714285714
91179|17|2|0|1|1.1188|9803.997767857143
91249|40|2|0|1|1.42|5841.412388392857
91435|59|1|0|1|0.0908|7313.3515625
91517|59|2|0|1|0.1383|7590.445870535715
91543|40|2|0|1|0.2663|6552.42578125
91752|32|2|0|1|1.0168|8271.643973214286
91794|23|2|0|1|0.7848|3817.5641741071427
91845|38|2|0|0|0.69|6279.590959821428
91975|15|2|0|1|0.2627|9185.287388392857
92013|87|2|0|0|5.1275|7269.466517857143
92023|8|2|0|0|2.3639|3844.098214285714
92027|59|1|0|1|0.43|4720.265066964285
92099|40|2|0|1|0.8439|6246.77734375
92218|68|1|0|0|1.6952|4065.1065848214284
92218|94|2|0|0|2.11|3281.4776785714284
92490|32|2|0|1|0.9995|7233.379464285715
92531|59|1|0|1|0.82|6284.5390625
92531|59|2|0|1|0.82|7745.478794642857
92556|15|2|0|1|1.689|8234.376674107143
92556|32|2|0|1|1.2623|5318.802455357143
92583|17|1|0|1|1.56|4616.497488839285
92583|43|2|0|0|2.287|3055.340401785714
92583|68|1|0|0|1.8|2504.1213727678573
92583|84|2|0|0|1.28|2252.3708147321427
92583|87|1|0|0|2.0|2192.318777901786
92853|17|1|0|1|0.5109|9418.6328125
92933|17|1|0|1|0.2033|10228.8203125
93168|59|1|0|1|1.23|4984.222098214285
93182|40|2|0|1|0.7699|6393.819196428572
93228|17|1|0|1|0.4673|7819.667410714285
93417|59|2|0|1|1.4687|8867.927455357143
93435|17|1|0|1|2.13|11524.94419642857
93435|26|2|0|1|0.88|10498.42075892857
93498|59|1|0|1|5.0336|10416.609375
93510|92|1|0|0|0.08|8045.53515625
93538|17|1|0|1|3.95|4992.260044642857
93538|59|1|0|1|3.2279|3139.65234375
93922|59|2|0|1|3.1367|9971.00111607143
93922|87|2|0|0|4.914|9361.099330357143
93970|59|2|0|1|1.1155|8129.5078125
94033|52|2|0|1|2.0521|7101.330357142857
94181|81|2|0|1|2.7883|4615.601004464285
94181|84|2|0|0|0.5585|3374.318917410714
94553|32|2|0|1|3.4|8722.979910714286
94553|59|2|0|1|3.256|9761.353794642857
94554|94|2|0|0|2.340479|5981.080915178572
94589|59|2|0|1|0.2133|6841.1015625
94886|32|2|0|1|3.5729|4873.233816964285
94968|32|2|0|1|2.14|4302.255859375
95008|17|1|0|1|0.5394|10897.849330357143
95011|15|2|0|1|0.1441|5144.417410714285
95018|59|2|0|1|0.4685|6748.568080357143
95287|40|2|0|1|1.7539|8235.49330357143
95311|15|2|0|1|0.79|11315.464285714286
95319|32|2|0|1|0.9969|7810.91796875
95372|52|1|0|1|1.1195|6275.29296875
95396|68|1|0|0|1.45|5617.58984375
95476|17|2|0|1|4.07|10866.681919642857
95476|59|2|0|1|2.0438|6712.560267857143
95476|68|1|0|0|2.71|5713.907924107143
95476|81|2|0|1|1.9108|4982.692522321428
95601|87|1|0|0|1.19|3308.2151227678573
95661|59|1|0|1|0.61|5302.176897321428
95678|17|1|0|1|9.52|18531.6875
95678|52|2|0|1|4.02|9105.892299107143
95678|59|1|0|1|20.82|13212.47767857143
95678|94|2|0|0|9.7353|9509.978794642857
95961|17|1|0|1|0.4055|8140.40625
95974|81|2|0|1|0.3746|5078.403459821428
96004|17|1|0|1|0.8502|8651.689732142857
96038|17|1|0|1|0.31|8618.25669642857
96379|87|1|0|0|0.6912|6082.8359375
96414|17|1|0|1|0.3349|6474.850446428572
96832|59|2|0|1|0.4201|8346.6171875
96847|17|1|0|1|2.06|3910.9461495535716
96975|23|2|0|1|2.022|4264.308035714285
97172|59|2|0|1|2.6984|3479.7575334821427
97437|38|2|0|0|3.53|8813.138392857143
97437|59|1|0|1|0.7793|6453.514508928572
97574|59|2|0|1|2.72|8028.804129464285
97661|68|1|0|0|3.52|4029.2938058035716
97695|52|1|0|1|0.4164|5374.288504464285
97861|59|1|0|1|1.75|3855.3641183035716
97942|68|1|0|0|2.58|4939.587053571428
97942|81|1|0|1|0.1925|3926.919921875
97945|59|1|0|1|0.406|4369.583147321428
98118|17|2|0|1|0.83|9001.926339285714
98118|52|2|0|1|2.18|7179.9921875
98118|59|2|0|1|0.88|7825.41796875
98140|26|2|0|1|3.56095|12043.390625
98140|59|2|0|1|4.59|9012.68638392857
98248|87|1|0|0|0.5191|6121.540736607143
98265|32|2|0|1|1.41|8668.063058035714
98346|40|2|0|1|0.649|9567.181919642857
98490|59|1|0|1|0.41|5164.224888392857
98571|17|1|0|1|0.2463|9171.393973214286
98646|9|2|0|0|3.23|9393.464285714286
98747|9|2|0|0|3.32|4081.1121651785716
98747|59|2|0|1|2.1089|3651.41796875
98814|32|2|0|1|3.3267|10593.43638392857
98814|40|2|0|1|2.7724|9203.48046875
98825|94|2|0|0|2.4491|2487.811941964286
98871|52|2|0|1|0.2429|6177.463169642857
98995|17|1|0|1|0.344|8201.04799107143
98995|68|1|0|0|0.5746|3954.601004464286
99108|52|2|0|1|1.611|6103.285714285715
99146|17|2|0|1|0.8314|5592.510044642857
99282|59|2|0|1|1.6244|8932.164620535714
99377|52|2|0|1|0.65|9037.786830357143
99693|81|1|0|1|6.3397|3253.5066964285716
99793|52|2|0|1|0.1326|8676.828125
99793|87|2|0|0|0.0189|5479.545758928572